6
1
-518
2
203 -322 259
3
-29 -457 826 -778 -126 -191 -803
4
-110 484 -981 -482 -425 -646 916 774 -847 -373 426 177 685 743 941
5
196 -67 206 -491 -446 -50 832 744 -629 -458 670 -101 536 732 -712 415 -385 650 782 832 -557 759 885 221 -460 889 750 138 -736 -987 -79
6
487 864 601 286 -504 -448 857 -516 784 -804 -999 -514 848 919 -658 118 812 -793 704 -730 9 -714 -759 -810 382 -544 -753 535 688 344 -510 339 467 74 754 -333 589 -694 -419 471 -856 254 54 176 -88 331 340 335 -650 -34 74 -451 -673 190 392 -707 589 986 -625 769 -773 -80 -925
