30
1 3300.000 4125.000 2475.000 -825.000 3300.000
2 3300.000 3300.000 1650.000 0.000 1650.000
3 3324.750 2595.450 1909.215 -729.300 1909.215
4 2361.480 3422.265 1307.295 -1573.440 638.550
5 3424.740 3738.735 3108.270 -832.095 2132.130
6 1302.180 1225.950 2299.275 -1749.165 53340.045
7 1382.535 1191.630 1117.050 -887.040 11154.825
8 1026.300 2630.265 3954.060 -1114.080 74.910
9 3236.640 1520.475 1177.935 -952.545 2468.565
10 3612.675 3844.005 1434.015 -1657.755 3323.595
11 1818.630 1064.085 877.305 -567.600 1874.400
12 3995.475 1618.485 3108.105 -393.195 4346.760
13 2790.645 4085.730 1435.335 -1051.215 1281.555
14 2217.105 2852.685 1232.220 -1458.600 3437.610
15 2263.965 2992.110 1112.760 -713.130 2567.070
16 1322.805 3130.875 871.695 -1402.830 1928.190
17 2629.110 2015.970 1056.660 -338.250 3268.650
18 3441.570 2980.890 3834.270 -1866.810 7024.380
19 1792.395 2388.210 3030.720 -1782.495 1022.175
20 3766.290 831.930 2788.335 62.700 1211.595
21 3048.870 2846.415 3310.065 -1267.695 54035.190
22 1337.985 2494.140 2232.615 -475.530 915.420
23 4003.725 2460.810 2834.535 316.140 1642.740
24 1453.485 1419.330 3067.680 -1540.275 239264.850
25 1676.565 4102.065 3157.110 -348.480 2121.075
26 2985.510 3501.465 909.645 -756.030 3133.020
27 2226.840 1265.550 1280.400 -782.265 2044.845
28 2426.655 1807.245 2301.750 -1653.960 6463.710
29 1491.930 990.000 888.195 51.645 388.080
30 3164.040 2548.095 3225.255 -695.310 7847.730
