6
4 TEST
1 3 2 4
5 ABC
5 3 1 4 8
10 FB
5246 3955 8728 9561 5752 1736 7278 5682 616 3461
20 GOOG
1967 3273 4682 1287 8167 1944 3879 6875 4621 2248 4425 7513 2073 1097 8332 788 5697 4633 657 6749
15 UT
1576 272 6265 2321 9764 6890 9020 7607 6059 7236 688 5698 5825 9071 4434
100 MSOFT
1 2 3 4 5 6 7 8 9 10 11 12 13 14 15 16 17 18 19 20 21 22 23 24 25 26 27 28 29 30 31 32 33 34 35 36 37 38 39 40 39 38 37 36 35 34 33 32 31 30 31 32 33 34 35 36 37 38 39 40 41 42 43 44 45 46 47 48 49 50 51 52 53 54 55 54 53 52 51 50 49 48 47 46 45 46 47 48 49 50 51 52 53 54 55 56 57 58 59 60
