10
2
0 5 4 1
2 4 6 2
4
1 10 15 8
1 6 14 3
2 9 5 1
11 15 13 5
5
3 19 30 12
12 35 20 9
1 27 37 25
17 39 27 3
9 30 29 17
10
17 96 43 14
1 63 68 16
17 99 56 8
31 70 79 58
44 50 53 39
7 67 95 15
0 88 88 0
88 88 100 0
58 72 73 1
43 46 74 3
100
-870 895 -651 -895
-409 915 -86 -661
-188 434 -4 30
-124 536 285 -33
204 870 434 660
-701 813 -395 -644
201 769 532 -801
-153 768 786 -755
-203 346 459 -68
-856 -453 238 -496
-845 -27 490 -478
541 870 719 -98
-776 576 -135 -237
358 343 611 -951
-984 -61 209 -103
-44 -317 64 -529
-929 857 756 337
-360 126 111 44
-280 807 181 292
-63 577 551 -955
-593 924 -511 -334
-394 116 -174 -616
-777 -167 130 -917
-791 306 -690 181
-633 970 426 102
-995 994 780 586
-666 701 149 -551
-6 495 148 -644
-860 877 -669 -461
166 626 797 -487
-250 747 634 188
-237 -242 161 -472
615 926 656 68
-777 -414 879 -703
356 715 910 203
-756 -716 970 -852
-339 115 630 -304
-631 920 -359 431
-302 -429 857 -804
-426 -555 727 -568
-686 358 -64 -744
5 -650 224 -812
-623 443 -32 -156
-512 283 247 -314
-691 287 290 -938
528 276 553 -885
-968 -882 821 -887
139 143 891 -32
-190 -785 940 -924
-979 482 -374 -200
-546 339 379 -395
-859 556 95 -706
-356 435 671 -366
80 -316 516 -980
27 -730 330 -761
-941 9 585 -518
199 248 822 -740
-349 297 905 142
-808 883 -220 -543
229 -667 623 -701
-386 -606 860 -818
-575 854 621 86
207 996 388 -628
-854 406 -390 252
230 283 963 -442
312 154 352 -892
-193 186 438 -277
664 1000 780 -531
-402 16 181 -756
-100 902 64 222
-770 909 -755 11
-989 739 -314 -292
-792 764 -447 321
-473 546 218 -879
295 391 691 -55
850 932 879 253
-236 -668 685 -918
169 994 472 -545
-13 293 761 -359
-679 432 -13 -77
-112 964 848 -113
332 605 540 -201
-854 582 -109 -655
-924 592 918 481
-266 652 -128 -432
-515 -372 571 -624
-408 145 -232 35
-900 -29 -510 -817
345 894 643 316
5 -507 571 -854
-378 877 233 -793
584 380 845 -389
299 337 820 -761
-353 714 645 666
-924 781 -7 336
-680 132 -593 -941
-569 -257 -188 -318
-836 -115 841 -888
-169 996 777 -227
-850 884 -228 -100
200
-64 6699 5033 293
-7095 9782 -6298 -1276
8996 -5459 9459 -5566
-5639 7660 -1353 -3013
1667 -3055 7886 -7527
970 9659 8854 -1850
-6588 8028 -3621 -3881
-7884 7939 3618 2726
-5574 -4427 -1043 -9574
107 7240 6890 -9348
7381 1561 9826 627
-6152 6985 6706 4491
-9613 8152 -8877 -6318
-9809 9835 -7511 6886
-8220 5902 1998 4204
-6528 1782 6584 237
1885 7740 3442 547
-3588 -2809 2344 -8764
-8459 5274 -8123 -1189
7968 -3736 9760 -5411
-8490 6535 -1916 3600
-5374 1834 -1228 -2155
-5501 7355 3396 -3756
-8703 4458 -1832 -5176
-9766 1984 8554 -708
-4286 -6626 -3419 -9169
1019 6194 7032 2398
-4442 1807 4123 -991
-922 8102 7972 -9730
-2748 3564 2348 2034
-7484 -6367 3197 -9583
-3017 -766 4150 -9162
-4459 7035 1706 2398
4874 4852 7955 3669
-1983 4872 -1304 2313
-9484 5100 -307 -3402
-7343 2516 3123 -6020
6828 -1881 9179 -3732
-2033 1567 451 -4934
2741 -2028 8457 -8517
-3413 7327 -3127 4499
6469 9136 7950 3722
-9074 -2771 9682 -4378
-5676 1448 -3378 -8140
2272 1478 4423 -9871
-783 4032 6407 -8919
-6778 -3008 -4538 -5113
-2539 9195 9941 6984
-4483 -538 3133 -6503
-9135 9477 587 2496
5002 6761 7146 -4023
6620 9458 6763 -6125
-4311 9085 2187 -7372
-4400 -5130 6614 -6572
-390 1736 2465 -9153
-9944 9589 -8153 8887
-4615 -3130 7973 -7711
-8362 -2471 7997 -7759
-6172 3882 1447 3518
-123 662 4522 -8556
-8633 6009 -8483 1229
-4048 4492 7221 299
-4843 2306 -1386 1176
3618 -852 4995 -2311
-5240 9510 -4874 2175
-9696 7880 -5113 -9679
5297 -7004 9011 -8951
-8036 -5288 3048 -8437
-1201 6738 8821 237
-2767 9094 3204 2576
-5243 7105 4864 5141
-6516 3074 9147 -3987
-8225 7540 -4911 -8219
-9557 1749 -5726 -6101
297 -5288 4496 -6038
-9845 -2289 -9140 -6718
-9154 3773 4957 1285
-5867 6674 4438 1934
-171 -189 5288 -634
-2717 8240 5136 -808
-5509 3035 -356 1240
80 5380 1516 -7604
-488 5904 195 -6464
878 9125 5455 -3905
-8233 -1946 -2047 -2942
2875 2324 5136 2059
-8677 4776 -8550 -1693
-9186 1975 -8472 -8783
-2469 4440 5088 564
-2130 9426 9443 792
-9054 -2967 -3143 -7768
-7419 4907 -4592 -7996
-1758 8147 4671 2895
-2314 9121 -614 2776
-8871 4424 -8663 -905
3005 2798 3874 1092
-2270 8226 342 -9528
-4833 3630 1676 -2049
-3826 8910 6307 -250
669 -953 1373 -1175
-6370 -3925 3685 -7216
-4590 6675 8088 4915
2587 -2636 5064 -9762
-8886 2958 2479 -3056
-3825 8561 4992 -5411
-6037 693 -4423 390
-8758 8525 366 -6048
-2341 -4137 1562 -7681
6827 7244 8978 -2982
-8738 5890 -3962 51
-8252 158 6437 -79
4748 -6273 8422 -8847
-2981 98 5477 -7745
-2934 89 3893 -6256
-2549 8561 993 -7832
-4218 1811 5085 -6315
-512 -3226 470 -3758
5292 2897 6881 2316
-8984 734 2454 -324
-5663 5963 -4144 3390
1077 1835 3678 -6020
5895 -1653 6957 -9003
-2807 9873 2616 -2429
-8302 9326 -3683 -3341
326 -6424 2898 -8223
1927 7006 5372 -8733
-7648 3041 -5207 -5077
-885 5706 8810 5032
-7432 -568 2795 -2932
-8846 2986 -6081 -7445
-6084 8846 6539 7801
-8752 7832 900 -76
-7718 -4636 1506 -9568
-9647 6837 -5768 -7557
-9633 4488 -8579 907
-5948 4494 -5060 -6672
-4215 -3497 -1299 -3648
-8265 9150 9281 250
-6037 -1216 8368 -4003
-946 -3191 6619 -3404
2802 4929 4675 2217
-7618 485 -2249 -2239
-5755 4720 -3836 4372
-8624 -351 -6621 -3857
-9923 5133 4536 -2978
-7766 8804 -6443 5058
183 7365 479 -2196
-7987 1458 4584 -1298
-8123 -1777 -1903 -4087
-8850 -7375 679 -8927
-5368 8121 2158 2672
3388 1127 7600 -9670
-4424 -3399 7336 -8462
-8611 1712 -5435 1502
-5135 9433 7299 4880
-6784 -3852 3743 -4597
-182 7516 7093 1247
-4800 5309 -620 3989
-2725 -293 -1103 -7762
-5163 -3660 277 -4580
-9168 1347 -4453 1103
7986 -8806 8523 -8936
-4450 -4570 8969 -6873
-3604 9516 -1637 5921
362 364 2847 -6361
444 9990 6673 4674
8170 9982 8485 2519
1261 4431 5829 -1240
-6730 5305 1049 -1708
-6080 -1291 2485 -3769
4987 8322 8241 7434
-6108 1141 4632 -273
-8476 -3592 -6468 -8498
-6820 8366 -3025 4871
766 6028 9789 3988
2037 596 9175 -5712
-4841 2758 -3728 -6426
-9720 -4873 5101 -7700
329 7322 7465 2961
2098 3090 7552 -3051
-5050 3075 2337 -2017
-9252 -5735 -5370 -8524
-9208 3764 -5003 -7459
-7864 1854 884 -5042
-8460 3430 2480 -3533
-8430 -1195 -4133 -2982
661 9106 1517 5486
9476 396 9662 -9332
-7183 5388 1068 -3413
-9923 5845 5868 -3424
-7289 4736 -1083 -3471
-1412 -7993 8673 -9824
-2108 8957 757 -7360
742 4740 8434 1159
3307 7764 8050 1033
-4780 9090 -724 4932
-4505 -3280 9445 -6903
-1313 5485 9669 1646
-582 4678 1034 4008
5350 -3577 6383 -5461
500
10058 9788 15173 -971
-13517 651 16992 -14534
-1944 19898 5950 7058
-10242 -316 -5300 -4161
-18918 5029 -1331 -10182
-7228 -6552 4788 -7075
-18495 -1864 8407 -17974
-6273 7845 19741 1846
4010 -7417 14968 -10165
11662 8292 17530 5825
-15741 14174 -7866 -6380
-17628 13598 -15010 -7204
-2023 -1743 16236 -6112
-8191 7241 13343 1689
-18814 182 -14693 -11149
-13063 19114 296 -6873
-15966 13063 11672 1367
-15195 7332 -10129 1463
17187 803 19530 -3706
13353 -4592 19748 -17226
-12256 419 1224 -10403
-15586 -12834 13482 -15886
-10297 12290 -7465 -4698
-17724 19870 12189 5829
7476 -9299 9255 -19119
11522 17709 14755 -17406
-6044 2490 12998 -17281
-11091 7324 -6155 5768
-18642 14236 16586 3949
-19504 16313 460 11709
-12433 -229 -1094 -16927
4143 -11286 5889 -13304
1303 -5106 13445 -12899
-14754 17209 -1145 -480
-14479 -13068 -758 -16157
15870 -6122 18895 -14783
-15231 17348 -12055 1470
3083 17804 7411 14856
-4055 9437 19391 7230
-4149 13783 1134 -7345
-10932 2131 16424 -14462
-15452 12882 16382 7290
5375 5285 13666 -10252
-6057 -1224 -642 -2244
2998 2860 19659 -1188
-7377 13943 -1704 -15475
-11315 11406 -1296 7965
-11606 1439 10104 -2411
-3437 5742 1870 -13364
-7582 -3925 16219 -8546
-8464 5137 6644 3496
-19039 9134 4354 5880
6738 3939 17225 -10143
15151 18300 19509 17392
-15479 2823 9321 -7875
-19322 8253 -15207 4754
-11668 -2062 10843 -13030
1129 1121 2374 -11897
-15173 -6924 8891 -8520
-4515 2338 17457 -10085
-5424 -9000 18261 -16771
-14755 -3578 3280 -10231
-19017 -14833 14689 -16565
-13498 12433 -4069 1866
-9726 9547 7550 -1952
-16578 -10266 13006 -13015
-15816 -7555 201 -12351
-17574 16568 1430 -6038
-10835 15907 -7487 10165
-4470 2694 7808 -13236
-14076 -344 14871 -19193
-13734 14861 14923 12324
-18178 -8962 -4505 -16394
-10083 15195 3930 2984
-1847 -2096 319 -4842
-1907 12796 4886 -872
-9216 -7018 9955 -7469
-3101 7446 13732 2575
-16970 8530 -14936 6977
-11032 14605 16956 133
9990 10799 10437 9059
7625 9044 18540 -445
-18387 9829 -16523 8121
12323 12217 18899 -4921
950 12406 15564 -9816
5082 5675 13464 1749
-15854 -13634 -10899 -14800
-13134 -7888 -5327 -11749
5512 17832 9128 10460
-18276 -3884 -7205 -13491
-9252 13956 18743 86
-11208 15959 -4922 -5159
-8577 14540 5889 7091
-16871 10006 -7558 -9490
9476 1557 15132 -13434
9299 11806 14806 -17441
-14605 -12257 16320 -15437
-8002 2628 -7892 -9836
-16449 -12480 16339 -15036
11097 -12028 19033 -15808
-12348 17575 9432 5713
-1329 12784 11866 -14070
-18819 17724 -12865 -6225
12501 14991 19673 -16863
-8367 9990 6640 -17728
2064 14398 18069 -4805
-6691 1470 19367 -12748
-19251 7218 12050 6422
-10259 -13191 7935 -18431
-10368 5219 10627 -11425
-12573 990 -7844 -2157
-9628 -12624 4888 -14162
-13437 9582 2429 -7112
-12680 7852 -4802 -915
-17706 -5339 17693 -6806
-15535 18029 -6088 -13210
-4393 12758 12587 -4585
-9486 -3159 -2281 -4241
11513 7241 16090 4804
3060 6653 14930 -19530
-9078 18555 9977 -15005
-15927 -6250 14573 -14430
-11795 -13403 14534 -16703
-7706 506 1444 -14245
-19052 11191 -13707 4418
-13933 -12377 14312 -15941
-13049 11911 -555 -9898
8058 6750 19984 -14340
-18749 11371 -5192 -1489
-13480 14094 10906 -2846
-18767 19545 -14955 -9393
-6770 13380 6782 11217
609 7027 17633 -7747
-18647 9750 -7737 7384
12732 -6851 18093 -13827
-5868 -884 13717 -10564
-9392 15617 14128 8309
-12580 12535 12106 -1171
-13402 -10467 12649 -17681
-13916 19318 13167 5758
7250 -498 9862 -13641
3662 -10036 11794 -11184
-13348 12472 -4445 10029
6162 -3060 12936 -17008
5930 8552 10321 -1425
-14012 12386 145 -19703
-11840 -403 3838 -749
-3012 -6354 14168 -15431
-19901 11755 -1980 6100
-15294 12418 -11528 -10414
-2588 -15045 19090 -18303
-2250 17393 5935 -7709
-13811 7788 2802 -8433
-14370 -7136 9111 -15603
-5984 13160 595 -2956
-3311 -441 2704 -862
-1424 11126 7249 9994
-19221 3126 -10191 -15288
-14689 10265 -254 -3710
1083 8405 5017 -16229
-17831 16392 7021 9872
950 12969 19610 3181
10890 15790 16342 -14824
4036 8151 9971 -5678
-892 7215 12961 -14923
5796 14524 7328 -915
5537 18529 17175 -15867
-16020 13117 -51 -12440
-6781 9251 10180 -12205
7848 9012 11569 537
5745 7241 13365 -12739
-4895 -6136 12648 -8138
-17317 4883 11093 -14815
-3139 17407 16115 7904
12389 19402 17113 7549
-16235 12957 -2584 -13632
17838 9670 19023 8897
2923 8086 7132 -16465
6699 14480 7753 2588
-19650 15537 9066 7056
-15028 7276 -11305 2326
-9586 -8443 17485 -10317
-11603 19861 -4925 16067
-16842 -6743 9327 -11806
1115 6917 9557 -4056
319 15948 9641 11228
-1946 -17462 5443 -17934
17850 -5860 18982 -10609
-11467 5329 9941 -7934
-188 14339 3940 -4596
-17636 10935 6352 3386
-14714 10473 -11769 -11359
-12854 18989 -9416 -4215
-7733 15579 17859 365
-11267 3239 -2021 -12372
-15832 2159 379 -15451
7831 17700 11508 16874
9275 8961 13977 -11743
-4577 13875 5625 -13389
4817 16798 13737 14914
-6235 13777 -2119 -4031
28 -1378 5556 -4861
9853 16399 17218 -15070
-4130 6760 9861 -19430
-8111 18071 -4614 5583
1452 3563 19427 -15196
-10762 15669 5056 431
5677 -11155 9870 -11917
13528 14506 19325 -7241
11535 -17851 14406 -19775
-3326 12818 6334 5139
-679 -14489 11548 -16553
7051 17649 18270 11579
826 16117 1226 -1000
-17697 6714 5227 -9740
561 12332 9486 -4650
5458 16057 17105 4620
4037 11812 4084 -10875
-11386 3979 14853 3512
-14875 -643 10219 -3740
-334 -13705 15269 -14135
-11706 13392 16551 3789
2120 14499 2581 -18002
-491 13476 849 -8900
3324 -4468 14504 -16440
-13112 11868 2552 -15989
-703 17901 6113 -17540
11113 15139 19655 -7896
-12118 19459 737 15418
-496 19239 5670 -16307
-4454 -4670 -3399 -6514
1912 -1823 3832 -10746
-10120 -10553 6679 -16502
-17249 8497 -2845 2760
-17904 5354 8823 -6047
-10605 7593 1175 -10598
8730 7901 19096 -9560
-12223 19466 -11001 -11296
-15090 -14649 5697 -19521
-5053 -11118 14783 -18109
4753 -324 7293 -6582
-10031 -5612 8543 -16837
-15193 10601 -13688 2767
11053 7008 15211 -9643
9068 -4906 14447 -5009
-3253 -2269 -2936 -13797
5265 7635 13336 7494
-17317 8349 -2994 -19295
-15162 7988 2263 597
-4673 -10543 13521 -15280
2788 5471 17377 -7315
-4079 10461 8655 -18766
-9506 17650 -3091 8590
-18910 3173 14693 -13856
-14344 18741 7408 5183
1947 13729 15435 -14151
-19386 4582 17754 -14114
9059 15184 10896 5248
-18024 4508 -8598 -12553
2641 -1658 6309 -7683
-19615 -11160 4331 -19721
-10702 -2552 18083 -18327
-13812 -12688 12167 -17725
-16728 -12695 -9876 -14967
-17199 14364 -1337 -19808
9059 5795 11691 -3491
-10631 3169 -5435 -4203
-2669 -8503 18980 -11075
-19264 -5214 -14156 -15480
-14496 -12590 -12867 -19462
-10099 -3555 5649 -14418
-18585 13410 13456 8750
4164 19552 9176 81
-9361 -43 -6529 -15824
-9073 -3950 -8169 -12098
-17115 -1673 11050 -17720
-10407 5256 -6320 -16873
-1741 11914 8130 -16865
-12571 -6958 1546 -9855
-15693 11550 8389 651
10609 -14329 11287 -18042
1455 2106 16631 -16928
-18729 7467 1497 1245
-8764 7027 8550 -11489
-3180 19005 4150 -1437
-17042 9399 2502 -10767
-13588 327 -8421 -9066
-13122 9380 7061 -5119
-13812 -1674 -11089 -8805
8197 -2183 19919 -10803
-14330 2005 16320 -11465
-14703 -5094 18052 -14192
-3674 9102 12868 -5815
-17346 -4405 18463 -9291
-6793 -6570 9773 -16678
-16979 18326 -4088 -4429
-10484 18313 6513 14193
-17035 -3649 -4095 -3785
-9141 5411 -1757 -10723
-18929 9451 -12787 -10031
8793 8911 17841 686
-9866 -1933 -6445 -3055
-17140 -318 3227 -4792
-1888 -5038 -1129 -17831
-9564 14027 3885 11816
-17515 10392 17344 3430
-6146 -6537 17401 -15816
9878 4251 19576 1705
-17180 14880 14960 7370
-10559 11218 4533 4329
-11180 -14766 -9940 -16575
-15780 11562 -4037 -17519
-2444 17378 17142 -19640
-6856 16265 8274 1427
5778 19791 8173 -19926
-16171 -8386 -419 -18929
94 5026 15460 -7849
-13895 3893 875 -528
-12501 19535 1611 -15976
-2951 -6800 10200 -17729
-13699 8108 4588 -12571
-18872 18387 -2473 14436
2824 -4297 17465 -6837
-3211 18862 12130 -13713
-9774 12761 -9119 10451
12262 -5729 14067 -14358
-9615 4103 12484 888
-3686 -2265 3541 -19261
-13037 -3844 11931 -19196
-3159 3767 6311 1314
1676 18204 5934 -17098
7935 6107 14892 -10966
-101 -1215 3057 -14250
10223 17813 14746 -19187
-4011 -1305 2815 -11551
-15129 -2279 10790 -9760
-6494 18565 -155 -3683
-19148 7435 -13915 4873
-806 18720 13440 -4091
-5597 -1627 4730 -2845
8570 13915 18326 -4380
-6189 19562 660 -73
4234 -13620 4401 -18607
4999 -8781 8641 -17758
-9705 9432 -1349 -13390
-14096 5354 13911 2863
2091 18391 14649 -10356
-16607 -11542 5208 -12012
-6492 2756 5483 -14999
-18683 19967 -11009 -5367
-16036 15364 16098 5253
-6978 16623 7650 9882
-6555 17869 2169 -17357
-4872 16068 16279 7630
-4158 7170 11170 -16676
5875 5043 19404 1171
-1863 -6184 16572 -8770
-11277 7726 6963 -18259
-19126 -488 -15577 -10130
-4708 3829 9641 -4196
-10672 8184 7790 4621
-5250 9562 10239 -9088
-10576 18491 6145 8697
-16802 15791 80 -12822
-17438 3573 -5369 -14482
8102 -2173 17699 -5724
9462 -2645 13682 -16960
2920 2671 8682 -1971
-12293 -9129 -10317 -14071
-9199 -4741 3588 -16554
-13465 3361 14809 -5075
-9215 16551 8972 -19096
1560 -10654 7485 -17996
-15547 16128 -2441 -11100
-13520 9487 3397 -11579
320 19619 16215 -16508
10281 14228 13298 9762
3111 10662 8113 -2920
-9451 14184 -8348 -1261
2150 12958 2566 3258
-1430 -312 6885 -5100
-16640 16631 -1734 9879
-377 17879 19170 -8261
-8303 -10284 2151 -17333
14674 10279 18722 -4052
-5423 -3205 18815 -16491
-13602 -7442 2545 -11923
-10182 14199 166 8945
-476 -875 8931 -17297
-1714 19903 7950 16414
1000 10940 4971 8263
3677 -4815 7107 -7172
-9064 -15 12250 -18841
-4085 11943 19080 8898
2883 13109 8034 -6749
-8991 19147 5588 7819
-13542 1672 16783 -5141
-17896 13355 -15306 -5822
19082 -3160 19709 -19705
-10743 11053 -5279 -727
-18619 -3447 -10721 -12089
-11603 6676 -2919 -7664
-8824 12408 17955 3850
-17146 -15548 -12908 -17156
-14623 -2093 1401 -10649
-19631 3959 12637 -9082
-19211 9801 5081 460
-7940 1303 16842 -10739
978 5839 13080 -2230
-15394 7978 -9048 -2920
-16684 -12576 9194 -19536
-13478 11528 -4203 4994
-12257 18884 -1116 135
-7665 -3841 -851 -12665
16883 9733 17769 -16053
3391 19049 5248 18413
2044 6530 6932 1011
221 5573 19400 -11815
-15358 11373 5242 2585
-11862 -5171 -2985 -19990
-4618 4312 7622 -553
-12403 11415 -11912 -15534
-18744 -1180 6887 -12051
-18289 19555 -1615 1858
-18192 10438 -4863 449
-8858 4037 -419 -5784
-12314 818 -1585 -756
-1420 13786 6415 9478
-5231 -14701 9402 -19525
-12636 2055 4419 1646
-18377 9256 7218 -81
-13812 16576 -1475 -6854
5251 8325 6611 -813
-12990 9985 18997 3972
-11777 -10469 -2306 -14724
-15906 12486 12256 9332
-10146 -9517 19795 -16595
-16355 3450 -2410 -17569
-321 10189 6907 4429
-13378 -4730 16982 -19620
-15906 8678 -11351 -4022
-11766 -2707 -9293 -18212
-19028 -9595 -5052 -15452
-7745 8651 -4633 -11655
-17908 16280 4192 14248
-17868 -10909 5260 -16705
7981 -6143 9938 -7298
-4316 11795 -3597 -6966
-13835 17220 10365 2569
-18943 19393 -4190 -17552
3973 2527 5084 -15875
-16958 16498 11018 3967
1581 19445 1716 18668
-18211 3860 -12104 3084
-8348 -8006 13031 -17505
-16295 4248 -3951 -2612
6009 2817 18098 1212
-15668 4195 -2641 -13214
4216 -3306 14625 -15954
1371 -748 10779 -10072
-18549 11780 -1044 8646
-7202 -6047 17100 -11170
-5635 -1401 5544 -7830
10970 -6534 19701 -14993
-12471 4386 17765 -3827
-13208 -1795 -11068 -7854
4623 2083 9935 -12240
-8339 -555 4431 -1757
-13545 13684 -768 -7659
-6796 15782 1413 2304
-19935 14287 1612 6543
-14195 4813 14083 -4595
-12106 559 5111 -7180
-12311 1669 16655 -11981
-19193 -6635 -5805 -18720
-2443 9877 11086 -12571
4646 -2928 14077 -16067
16388 -12787 19935 -15421
-2133 2915 16200 -18643
5837 15381 12471 -14317
-3882 2191 -3459 -1039
-6437 -6775 -142 -8726
14991 19332 15642 -17247
-5943 11009 9541 699
258 4988 754 -18124
-12273 14062 6579 12981
-5649 13872 18384 10210
19060 246 19682 -881
-12096 16922 19161 -1052
-9231 12837 -3780 -15870
-16688 11077 19275 8467
10842 -2593 12771 -19160
-4686 14279 3582 -13799
8203 583 11512 -7812
-12945 19096 -1952 -3456
-18960 7369 -2512 -10096
4908 7640 10207 6043
7551 18999 13483 1445
11399 2320 19853 -14837
-9920 7591 -940 3495
500
10058 9788 15173 -971
-13517 651 16992 -14534
-1944 19898 5950 7058
-10242 -316 -5300 -4161
-18918 5029 -1331 -10182
-7228 -6552 4788 -7075
-18495 -1864 8407 -17974
-6273 7845 19741 1846
4010 -7417 14968 -10165
11662 8292 17530 5825
-15741 14174 -7866 -6380
-17628 13598 -15010 -7204
-2023 -1743 16236 -6112
-8191 7241 13343 1689
-18814 182 -14693 -11149
-13063 19114 296 -6873
-15966 13063 11672 1367
-15195 7332 -10129 1463
17187 803 19530 -3706
13353 -4592 19748 -17226
-12256 419 1224 -10403
-15586 -12834 13482 -15886
-10297 12290 -7465 -4698
-17724 19870 12189 5829
7476 -9299 9255 -19119
11522 17709 14755 -17406
-6044 2490 12998 -17281
-11091 7324 -6155 5768
-18642 14236 16586 3949
-19504 16313 460 11709
-12433 -229 -1094 -16927
4143 -11286 5889 -13304
1303 -5106 13445 -12899
-14754 17209 -1145 -480
-14479 -13068 -758 -16157
15870 -6122 18895 -14783
-15231 17348 -12055 1470
3083 17804 7411 14856
-4055 9437 19391 7230
-4149 13783 1134 -7345
-10932 2131 16424 -14462
-15452 12882 16382 7290
5375 5285 13666 -10252
-6057 -1224 -642 -2244
2998 2860 19659 -1188
-7377 13943 -1704 -15475
-11315 11406 -1296 7965
-11606 1439 10104 -2411
-3437 5742 1870 -13364
-7582 -3925 16219 -8546
-8464 5137 6644 3496
-19039 9134 4354 5880
6738 3939 17225 -10143
15151 18300 19509 17392
-15479 2823 9321 -7875
-19322 8253 -15207 4754
-11668 -2062 10843 -13030
1129 1121 2374 -11897
-15173 -6924 8891 -8520
-4515 2338 17457 -10085
-5424 -9000 18261 -16771
-14755 -3578 3280 -10231
-19017 -14833 14689 -16565
-13498 12433 -4069 1866
-9726 9547 7550 -1952
-16578 -10266 13006 -13015
-15816 -7555 201 -12351
-17574 16568 1430 -6038
-10835 15907 -7487 10165
-4470 2694 7808 -13236
-14076 -344 14871 -19193
-13734 14861 14923 12324
-18178 -8962 -4505 -16394
-10083 15195 3930 2984
-1847 -2096 319 -4842
-1907 12796 4886 -872
-9216 -7018 9955 -7469
-3101 7446 13732 2575
-16970 8530 -14936 6977
-11032 14605 16956 133
9990 10799 10437 9059
7625 9044 18540 -445
-18387 9829 -16523 8121
12323 12217 18899 -4921
950 12406 15564 -9816
5082 5675 13464 1749
-15854 -13634 -10899 -14800
-13134 -7888 -5327 -11749
5512 17832 9128 10460
-18276 -3884 -7205 -13491
-9252 13956 18743 86
-11208 15959 -4922 -5159
-8577 14540 5889 7091
-16871 10006 -7558 -9490
9476 1557 15132 -13434
9299 11806 14806 -17441
-14605 -12257 16320 -15437
-8002 2628 -7892 -9836
-16449 -12480 16339 -15036
11097 -12028 19033 -15808
-12348 17575 9432 5713
-1329 12784 11866 -14070
-18819 17724 -12865 -6225
12501 14991 19673 -16863
-8367 9990 6640 -17728
2064 14398 18069 -4805
-6691 1470 19367 -12748
-19251 7218 12050 6422
-10259 -13191 7935 -18431
-10368 5219 10627 -11425
-12573 990 -7844 -2157
-9628 -12624 4888 -14162
-13437 9582 2429 -7112
-12680 7852 -4802 -915
-17706 -5339 17693 -6806
-15535 18029 -6088 -13210
-4393 12758 12587 -4585
-9486 -3159 -2281 -4241
11513 7241 16090 4804
3060 6653 14930 -19530
-9078 18555 9977 -15005
-15927 -6250 14573 -14430
-11795 -13403 14534 -16703
-7706 506 1444 -14245
-19052 11191 -13707 4418
-13933 -12377 14312 -15941
-13049 11911 -555 -9898
8058 6750 19984 -14340
-18749 11371 -5192 -1489
-13480 14094 10906 -2846
-18767 19545 -14955 -9393
-6770 13380 6782 11217
609 7027 17633 -7747
-18647 9750 -7737 7384
12732 -6851 18093 -13827
-5868 -884 13717 -10564
-9392 15617 14128 8309
-12580 12535 12106 -1171
-13402 -10467 12649 -17681
-13916 19318 13167 5758
7250 -498 9862 -13641
3662 -10036 11794 -11184
-13348 12472 -4445 10029
6162 -3060 12936 -17008
5930 8552 10321 -1425
-14012 12386 145 -19703
-11840 -403 3838 -749
-3012 -6354 14168 -15431
-19901 11755 -1980 6100
-15294 12418 -11528 -10414
-2588 -15045 19090 -18303
-2250 17393 5935 -7709
-13811 7788 2802 -8433
-14370 -7136 9111 -15603
-5984 13160 595 -2956
-3311 -441 2704 -862
-1424 11126 7249 9994
-19221 3126 -10191 -15288
-14689 10265 -254 -3710
1083 8405 5017 -16229
-17831 16392 7021 9872
950 12969 19610 3181
10890 15790 16342 -14824
4036 8151 9971 -5678
-892 7215 12961 -14923
5796 14524 7328 -915
5537 18529 17175 -15867
-16020 13117 -51 -12440
-6781 9251 10180 -12205
7848 9012 11569 537
5745 7241 13365 -12739
-4895 -6136 12648 -8138
-17317 4883 11093 -14815
-3139 17407 16115 7904
12389 19402 17113 7549
-16235 12957 -2584 -13632
17838 9670 19023 8897
2923 8086 7132 -16465
6699 14480 7753 2588
-19650 15537 9066 7056
-15028 7276 -11305 2326
-9586 -8443 17485 -10317
-11603 19861 -4925 16067
-16842 -6743 9327 -11806
1115 6917 9557 -4056
319 15948 9641 11228
-1946 -17462 5443 -17934
17850 -5860 18982 -10609
-11467 5329 9941 -7934
-188 14339 3940 -4596
-17636 10935 6352 3386
-14714 10473 -11769 -11359
-12854 18989 -9416 -4215
-7733 15579 17859 365
-11267 3239 -2021 -12372
-15832 2159 379 -15451
7831 17700 11508 16874
9275 8961 13977 -11743
-4577 13875 5625 -13389
4817 16798 13737 14914
-6235 13777 -2119 -4031
28 -1378 5556 -4861
9853 16399 17218 -15070
-4130 6760 9861 -19430
-8111 18071 -4614 5583
1452 3563 19427 -15196
-10762 15669 5056 431
5677 -11155 9870 -11917
13528 14506 19325 -7241
11535 -17851 14406 -19775
-3326 12818 6334 5139
-679 -14489 11548 -16553
7051 17649 18270 11579
826 16117 1226 -1000
-17697 6714 5227 -9740
561 12332 9486 -4650
5458 16057 17105 4620
4037 11812 4084 -10875
-11386 3979 14853 3512
-14875 -643 10219 -3740
-334 -13705 15269 -14135
-11706 13392 16551 3789
2120 14499 2581 -18002
-491 13476 849 -8900
3324 -4468 14504 -16440
-13112 11868 2552 -15989
-703 17901 6113 -17540
11113 15139 19655 -7896
-12118 19459 737 15418
-496 19239 5670 -16307
-4454 -4670 -3399 -6514
1912 -1823 3832 -10746
-10120 -10553 6679 -16502
-17249 8497 -2845 2760
-17904 5354 8823 -6047
-10605 7593 1175 -10598
8730 7901 19096 -9560
-12223 19466 -11001 -11296
-15090 -14649 5697 -19521
-5053 -11118 14783 -18109
4753 -324 7293 -6582
-10031 -5612 8543 -16837
-15193 10601 -13688 2767
11053 7008 15211 -9643
9068 -4906 14447 -5009
-3253 -2269 -2936 -13797
5265 7635 13336 7494
-17317 8349 -2994 -19295
-15162 7988 2263 597
-4673 -10543 13521 -15280
2788 5471 17377 -7315
-4079 10461 8655 -18766
-9506 17650 -3091 8590
-18910 3173 14693 -13856
-14344 18741 7408 5183
1947 13729 15435 -14151
-19386 4582 17754 -14114
9059 15184 10896 5248
-18024 4508 -8598 -12553
2641 -1658 6309 -7683
-19615 -11160 4331 -19721
-10702 -2552 18083 -18327
-13812 -12688 12167 -17725
-16728 -12695 -9876 -14967
-17199 14364 -1337 -19808
9059 5795 11691 -3491
-10631 3169 -5435 -4203
-2669 -8503 18980 -11075
-19264 -5214 -14156 -15480
-14496 -12590 -12867 -19462
-10099 -3555 5649 -14418
-18585 13410 13456 8750
4164 19552 9176 81
-9361 -43 -6529 -15824
-9073 -3950 -8169 -12098
-17115 -1673 11050 -17720
-10407 5256 -6320 -16873
-1741 11914 8130 -16865
-12571 -6958 1546 -9855
-15693 11550 8389 651
10609 -14329 11287 -18042
1455 2106 16631 -16928
-18729 7467 1497 1245
-8764 7027 8550 -11489
-3180 19005 4150 -1437
-17042 9399 2502 -10767
-13588 327 -8421 -9066
-13122 9380 7061 -5119
-13812 -1674 -11089 -8805
8197 -2183 19919 -10803
-14330 2005 16320 -11465
-14703 -5094 18052 -14192
-3674 9102 12868 -5815
-17346 -4405 18463 -9291
-6793 -6570 9773 -16678
-16979 18326 -4088 -4429
-10484 18313 6513 14193
-17035 -3649 -4095 -3785
-9141 5411 -1757 -10723
-18929 9451 -12787 -10031
8793 8911 17841 686
-9866 -1933 -6445 -3055
-17140 -318 3227 -4792
-1888 -5038 -1129 -17831
-9564 14027 3885 11816
-17515 10392 17344 3430
-6146 -6537 17401 -15816
9878 4251 19576 1705
-17180 14880 14960 7370
-10559 11218 4533 4329
-11180 -14766 -9940 -16575
-15780 11562 -4037 -17519
-2444 17378 17142 -19640
-6856 16265 8274 1427
5778 19791 8173 -19926
-16171 -8386 -419 -18929
94 5026 15460 -7849
-13895 3893 875 -528
-12501 19535 1611 -15976
-2951 -6800 10200 -17729
-13699 8108 4588 -12571
-18872 18387 -2473 14436
2824 -4297 17465 -6837
-3211 18862 12130 -13713
-9774 12761 -9119 10451
12262 -5729 14067 -14358
-9615 4103 12484 888
-3686 -2265 3541 -19261
-13037 -3844 11931 -19196
-3159 3767 6311 1314
1676 18204 5934 -17098
7935 6107 14892 -10966
-101 -1215 3057 -14250
10223 17813 14746 -19187
-4011 -1305 2815 -11551
-15129 -2279 10790 -9760
-6494 18565 -155 -3683
-19148 7435 -13915 4873
-806 18720 13440 -4091
-5597 -1627 4730 -2845
8570 13915 18326 -4380
-6189 19562 660 -73
4234 -13620 4401 -18607
4999 -8781 8641 -17758
-9705 9432 -1349 -13390
-14096 5354 13911 2863
2091 18391 14649 -10356
-16607 -11542 5208 -12012
-6492 2756 5483 -14999
-18683 19967 -11009 -5367
-16036 15364 16098 5253
-6978 16623 7650 9882
-6555 17869 2169 -17357
-4872 16068 16279 7630
-4158 7170 11170 -16676
5875 5043 19404 1171
-1863 -6184 16572 -8770
-11277 7726 6963 -18259
-19126 -488 -15577 -10130
-4708 3829 9641 -4196
-10672 8184 7790 4621
-5250 9562 10239 -9088
-10576 18491 6145 8697
-16802 15791 80 -12822
-17438 3573 -5369 -14482
8102 -2173 17699 -5724
9462 -2645 13682 -16960
2920 2671 8682 -1971
-12293 -9129 -10317 -14071
-9199 -4741 3588 -16554
-13465 3361 14809 -5075
-9215 16551 8972 -19096
1560 -10654 7485 -17996
-15547 16128 -2441 -11100
-13520 9487 3397 -11579
320 19619 16215 -16508
10281 14228 13298 9762
3111 10662 8113 -2920
-9451 14184 -8348 -1261
2150 12958 2566 3258
-1430 -312 6885 -5100
-16640 16631 -1734 9879
-377 17879 19170 -8261
-8303 -10284 2151 -17333
14674 10279 18722 -4052
-5423 -3205 18815 -16491
-13602 -7442 2545 -11923
-10182 14199 166 8945
-476 -875 8931 -17297
-1714 19903 7950 16414
1000 10940 4971 8263
3677 -4815 7107 -7172
-9064 -15 12250 -18841
-4085 11943 19080 8898
2883 13109 8034 -6749
-8991 19147 5588 7819
-13542 1672 16783 -5141
-17896 13355 -15306 -5822
19082 -3160 19709 -19705
-10743 11053 -5279 -727
-18619 -3447 -10721 -12089
-11603 6676 -2919 -7664
-8824 12408 17955 3850
-17146 -15548 -12908 -17156
-14623 -2093 1401 -10649
-19631 3959 12637 -9082
-19211 9801 5081 460
-7940 1303 16842 -10739
978 5839 13080 -2230
-15394 7978 -9048 -2920
-16684 -12576 9194 -19536
-13478 11528 -4203 4994
-12257 18884 -1116 135
-7665 -3841 -851 -12665
16883 9733 17769 -16053
3391 19049 5248 18413
2044 6530 6932 1011
221 5573 19400 -11815
-15358 11373 5242 2585
-11862 -5171 -2985 -19990
-4618 4312 7622 -553
-12403 11415 -11912 -15534
-18744 -1180 6887 -12051
-18289 19555 -1615 1858
-18192 10438 -4863 449
-8858 4037 -419 -5784
-12314 818 -1585 -756
-1420 13786 6415 9478
-5231 -14701 9402 -19525
-12636 2055 4419 1646
-18377 9256 7218 -81
-13812 16576 -1475 -6854
5251 8325 6611 -813
-12990 9985 18997 3972
-11777 -10469 -2306 -14724
-15906 12486 12256 9332
-10146 -9517 19795 -16595
-16355 3450 -2410 -17569
-321 10189 6907 4429
-13378 -4730 16982 -19620
-15906 8678 -11351 -4022
-11766 -2707 -9293 -18212
-19028 -9595 -5052 -15452
-7745 8651 -4633 -11655
-17908 16280 4192 14248
-17868 -10909 5260 -16705
7981 -6143 9938 -7298
-4316 11795 -3597 -6966
-13835 17220 10365 2569
-18943 19393 -4190 -17552
3973 2527 5084 -15875
-16958 16498 11018 3967
1581 19445 1716 18668
-18211 3860 -12104 3084
-8348 -8006 13031 -17505
-16295 4248 -3951 -2612
6009 2817 18098 1212
-15668 4195 -2641 -13214
4216 -3306 14625 -15954
1371 -748 10779 -10072
-18549 11780 -1044 8646
-7202 -6047 17100 -11170
-5635 -1401 5544 -7830
10970 -6534 19701 -14993
-12471 4386 17765 -3827
-13208 -1795 -11068 -7854
4623 2083 9935 -12240
-8339 -555 4431 -1757
-13545 13684 -768 -7659
-6796 15782 1413 2304
-19935 14287 1612 6543
-14195 4813 14083 -4595
-12106 559 5111 -7180
-12311 1669 16655 -11981
-19193 -6635 -5805 -18720
-2443 9877 11086 -12571
4646 -2928 14077 -16067
16388 -12787 19935 -15421
-2133 2915 16200 -18643
5837 15381 12471 -14317
-3882 2191 -3459 -1039
-6437 -6775 -142 -8726
14991 19332 15642 -17247
-5943 11009 9541 699
258 4988 754 -18124
-12273 14062 6579 12981
-5649 13872 18384 10210
19060 246 19682 -881
-12096 16922 19161 -1052
-9231 12837 -3780 -15870
-16688 11077 19275 8467
10842 -2593 12771 -19160
-4686 14279 3582 -13799
8203 583 11512 -7812
-12945 19096 -1952 -3456
-18960 7369 -2512 -10096
4908 7640 10207 6043
7551 18999 13483 1445
11399 2320 19853 -14837
-9920 7591 -940 3495
700
-746247 56942 -574837 -99472
-51079 851714 276493 -520496
56946 -347291 539114 -442191
-871540 969122 44384 -35418
-664098 -621877 -607367 -843614
-397403 994876 310750 258342
629407 338080 695757 85543
-318225 414523 414568 -700017
-771727 -560340 -22944 -572275
121965 373045 806586 295146
-686725 -40730 826241 -767654
36589 342167 757769 -380169
-585190 752703 -500396 -6421
-811633 568095 -656100 -113400
-991373 844021 409302 413223
-815646 -51935 -367195 -708468
-275362 143170 544178 -742636
-590658 -55144 306463 -911286
-534095 607291 -182551 184993
-59914 810785 412340 -889510
696634 -152334 829937 -606808
-775532 758235 -30897 -973024
-267189 -233653 330133 -361103
-103907 191076 18573 -748915
-28751 688140 606869 -6475
577814 -79483 622764 -908833
207469 759679 904389 490711
778605 583592 826452 18818
-756062 910760 -332307 -810623
262962 701168 360885 -516479
-611588 704956 61579 -665889
-791575 650294 23629 517794
-976696 11590 -787636 -606742
-142331 337272 533827 -562396
-498431 480354 345086 -848286
-258 847026 727802 -851642
136110 448742 138860 -650762
-380932 254701 934019 179761
-202500 -468605 878223 -602689
-429203 711070 -178269 -299178
-327046 979330 185042 404605
-337781 -333398 3707 -459962
-61109 918157 418198 58242
-558989 506316 202180 275756
885799 985470 971069 -274579
-355568 394548 285058 -73037
-695729 104009 795887 103303
-649790 809894 231319 -611777
146231 144267 603304 -95462
117131 846883 919321 -885354
-690983 -85626 835475 -179174
-762835 -160217 380966 -517182
-150857 652675 349620 -351508
-806462 -57860 -222284 -515307
-418474 670593 -299638 -608975
-45151 -35144 501023 -136077
633122 804428 826123 -845883
-370274 32646 -233152 -92327
-100329 990243 538405 -133885
-178725 142332 541383 -63015
555351 64426 743849 -893945
-513331 -243112 343874 -426696
-197128 785 683349 -756972
-429957 891910 -358611 -242820
-242831 859078 562401 213893
-698452 671388 248579 461718
-461658 242360 -49062 -431726
-551779 467193 975240 284951
-33714 524721 166343 160164
-727796 68790 -486505 -942281
-48016 607382 367318 -969115
-188660 702404 643208 141376
-48551 -126963 606793 -705743
-19013 281461 832636 -986274
-260756 765574 216112 -723039
-495524 817119 -174113 479070
-814796 -316049 -202305 -490470
-798792 -333560 -611489 -594087
-548807 27791 -464425 -556274
-483741 929168 63133 -519562
-660413 413001 -294846 -712707
-777252 -833087 -513962 -871271
93288 68291 432607 -236612
-931549 567617 55361 -826138
-184837 628756 568291 -266033
-845118 262912 593308 -345785
-471782 282049 825195 134330
-566579 -908584 298679 -971627
-351370 -508582 64364 -972916
-783370 -430894 830733 -719367
-699506 658127 -645978 -838383
60335 166659 633869 -353285
889865 602994 919029 -990774
49209 196111 130288 41614
-685462 650599 763701 302878
-920284 307292 87362 -651306
-294691 700075 470536 97736
-989155 95083 -356394 -185000
291187 472279 583769 -390771
-290503 806903 205808 386964
-589328 726090 175075 -283219
-107981 -110123 314536 -837427
-380456 -193445 506971 -984818
-932375 -492114 -296751 -847035
477806 -28042 698563 -424459
-476728 -372208 540123 -406321
-26088 722349 928870 141198
-137064 876311 776377 774248
-241034 -315291 848530 -356672
-122300 -37169 424370 -514288
-757918 -592829 -215058 -662094
-551204 -222492 548400 -934904
-566755 832577 -116211 -782429
-130631 802821 493779 802169
-119282 41970 351035 -864477
-591346 99863 261245 -585700
876863 991725 944519 -673803
-824598 626881 -696102 -404478
220858 551401 523423 231852
-828350 568292 182449 223928
-438247 -284057 -305360 -458925
191007 59966 797479 -962037
-907680 633721 92955 339362
-745057 114053 696353 -720982
-846581 981148 -355654 88204
-623739 838730 -248724 -375398
-441182 -515505 266146 -791697
-813241 305745 -334812 -6502
-447869 -576752 834141 -701745
-842729 403067 570088 79364
-572893 169330 -5961 -256222
-551117 541712 -430549 -613925
214992 432159 615060 -601615
200039 -380401 479255 -786192
-99755 -503732 -80714 -646468
-468602 312002 355393 244988
-440049 656388 573119 561971
38881 -786073 600404 -788261
145793 229303 536801 66247
-377453 -255489 905204 -994085
627363 644365 741781 257066
-214987 47291 449569 -364959
81366 572926 997854 -663501
647450 707581 956551 510304
1980 195467 675727 -446944
42461 611081 510650 345974
-840282 -49959 -586569 -591072
-449762 -517543 622445 -955456
139100 897743 620097 -388722
-901008 806714 -488322 740906
457971 485231 616590 -932719
-808377 693221 71253 -134143
-183187 247102 993476 -427871
-343811 126149 -143922 -192954
-200898 423840 106741 49964
-775123 -40421 -351753 -744149
-614548 -45375 -422926 -177265
628919 994075 703323 -94314
-543934 966896 825122 384932
380004 513823 659363 456564
-21222 701430 107833 -473281
-531953 -36106 621010 -392323
-339764 274751 -101202 -561583
-99635 946263 561743 -822630
-541419 -361375 -16532 -983812
19964 589172 931617 272760
-778538 553380 402851 110940
-739112 147506 -43423 -95266
-99371 68629 298961 -568809
-537783 456578 79861 -374294
-137767 300458 510601 -887412
673658 790172 904051 53667
-928359 771977 423630 612351
-925787 814096 -342540 345382
-717 666318 382158 176124
196867 -307043 509952 -541587
-802279 426901 408229 64712
-405445 355776 -351313 -407142
-935939 -411192 636108 -485330
-345962 817704 -248195 383629
-408447 -13154 243538 -510107
133941 891348 620972 -291446
-614085 90801 708159 -718606
-891687 924369 -546548 835494
-232361 522149 573231 118945
-156146 -466654 803587 -591779
330910 -514908 621000 -933928
-782529 443553 -597905 -31143
-80829 936008 471051 -404786
-434765 380159 61369 -807931
-272007 -488214 849647 -666391
-438658 262304 -232466 20844
-722129 -34647 -459585 -523578
181600 578956 745787 416024
337963 606792 524820 -591062
412882 -708951 502686 -927393
254795 220785 819098 -530757
-956678 -137732 694632 -496124
-329049 317039 -88037 -368571
-840817 -50609 491888 -645731
-966640 -18047 337061 -968666
-920924 218725 -529897 -595950
501530 270830 920004 156871
373185 259985 912539 -499870
-569910 -170425 519111 -817006
146245 -189673 720232 -741629
-990196 -353776 -608132 -627147
-507868 922874 -434297 138664
-383629 65975 385239 -519647
-721376 126697 839395 -76801
409259 -211102 983014 -312795
436701 325833 955090 -367427
-331946 660634 -317779 165077
-811234 -227244 -754933 -576766
-515677 782853 128269 -858813
36233 992558 103432 47430
-323752 817564 -224480 -262019
-302610 -58414 -240505 -358429
-333272 222008 891094 117795
-597266 961807 945474 -23070
-736175 345653 -224028 -570911
-697258 882248 -552746 27886
-948300 655979 893227 -227477
-231164 831999 875340 644371
-714672 499417 552208 22234
-767727 691718 982044 501213
84558 685306 239587 -665082
-532279 347089 -340886 -843340
114283 553359 988365 -160092
149837 375243 152394 -791305
46637 246035 868725 -606230
-777127 331523 -147971 168154
-880043 100928 709882 -705584
-326543 393140 600502 -721881
-529441 -505473 619417 -884107
291094 983496 916524 6951
-173782 824930 213079 308535
-551668 875625 -348706 194342
-546537 -36586 600808 -307295
639827 930747 970795 183575
478197 525752 529484 -440759
-586138 -543824 391611 -831933
-419474 271225 -339192 -557904
-790378 906887 -153458 480046
-674351 933791 -414405 -729398
97971 334093 236173 -583118
634843 907633 982800 -377028
270791 -782623 813871 -836639
-907506 930316 -285542 113156
-405023 944809 -159134 -61085
-827491 -536363 -519033 -708444
-303175 -11374 -125934 -715309
-250029 131882 -132067 -548672
-998607 -359853 251258 -457721
-815283 411039 -577023 -475971
575570 349172 741858 48078
28120 486706 263676 233530
-355842 563738 354497 425809
418285 204233 475161 192658
-906963 -58095 963603 -645026
-461905 777220 70823 260045
-363861 -33750 535236 -632925
-627106 918342 -83011 214225
352281 -493368 861412 -582601
198136 492300 494765 261484
-374026 629458 -131390 -596945
-574424 906252 385750 331137
-521514 322384 -322705 -254283
-164056 369474 400381 -367738
-308755 981367 716671 550384
312742 -340230 680676 -538273
142996 -486219 674450 -813834
-64504 249364 143475 -150372
-902517 -250543 -150385 -426454
-226944 -379699 969250 -619657
-430290 781343 49154 -618625
-545766 38824 -247772 -94362
577047 877987 683141 -146726
213009 36685 585228 -880335
-234587 4622 741610 -400949
-72912 664541 55713 505824
-953727 476030 -737623 -154036
-562745 -269486 -82102 -299472
-664048 868375 415830 436852
-605881 945052 232355 -271051
329118 248039 687860 -575096
-718925 784837 -190392 -945650
47336 993044 978839 -88169
-835863 549782 -136608 -667417
-752165 192550 361129 -440511
-608982 -6806 263846 -953014
-252559 902058 724548 855526
-579906 365713 299758 -612982
-419932 714451 -417411 689075
-13420 826636 862106 253336
-994528 -497166 155159 -914196
-427004 293729 767810 -152136
64028 886536 180555 642202
-127697 485316 429416 -384625
-603160 174448 180253 138656
-626140 941605 -188885 877363
796137 403570 818288 -338944
-690227 666396 225492 378073
269720 567200 771098 422370
-582156 973297 732710 592860
-556020 -219570 -48329 -959121
-743123 370176 -89240 -65312
-273266 213731 -247759 178550
-643285 381997 396203 -387264
-553940 500899 -4841 -325785
-317066 922466 -261420 -667958
31471 -245346 630071 -635444
-126089 506021 666065 -645245
-206202 953862 268614 841375
261862 440247 275191 64644
53294 45581 442800 -742274
-195534 739519 407852 399800
-711510 893688 103835 -939158
-976629 976834 -815874 -718710
240747 -511061 525465 -916529
-685317 569933 -304201 212704
-882069 907552 514700 275149
-717920 258385 304988 186971
-378564 640057 165471 -40991
-231019 78815 441577 -924396
366032 -203716 396424 -991807
-447510 901832 510121 86432
-705268 855837 -380860 421823
-118497 124034 882325 -817267
175029 -152739 853252 -286198
-375618 -302904 724330 -880401
-464677 726504 241786 353491
-647095 901943 13712 448036
-390057 -162521 414650 -395361
493138 615975 687394 -187350
163097 860781 256396 -22816
501809 704648 793297 642900
533021 895033 676032 554059
-848974 -120947 -60277 -892795
-488925 -641046 -148783 -737213
-404361 922546 -357624 -67609
-581377 975201 -187440 650391
409735 -489396 952705 -526471
-502980 612807 -435325 -646047
-389211 -574743 747591 -610813
579375 459711 733637 67197
691710 424193 885855 -85548
304558 932494 349426 -370682
-479449 636984 21781 7266
-643953 882865 -558304 250140
-332790 605864 -112894 -215934
168482 353084 879592 38855
-828732 709150 -398234 -103635
-934650 395256 -7288 -979459
290341 252164 383606 80382
-767291 543553 -60843 -786885
-479564 -13938 805720 -459498
830440 -273165 833188 -526500
-638964 809745 134985 -983997
-630779 -376535 -126479 -785478
315846 766880 372710 -151537
-669387 110426 -404958 -119395
-696845 981695 89923 687925
-745058 440813 418799 -481815
-13460 472756 983394 -519357
-587443 757055 -206313 -625602
260974 -592961 416575 -860965
-792354 526267 -627189 -462454
-169944 939447 703499 427747
-950647 234117 -493578 24182
-273661 269092 192548 108785
-966455 -402776 250288 -831794
-791959 956824 -576141 502970
-740422 890272 -68202 -215396
-386198 202979 -81254 -250917
-55486 884933 65543 -381924
-863898 163811 985694 -553891
65535 569248 815768 83583
701419 679864 778915 -702640
511162 549359 515632 -220364
-823166 800331 -371698 -102566
232856 631515 929716 -882907
412213 520216 676967 -837809
-910423 310434 124354 294247
255758 976960 354668 434698
-37220 -30465 174256 -600148
-499383 788728 -198455 502033
-246097 -250065 949088 -738455
510239 -761857 998659 -799613
-652064 -616327 325346 -759791
56513 -21762 740816 -570735
-290710 996631 645686 664681
-667801 287929 232187 -414942
-803830 843929 -289055 113024
-957962 704538 -821749 -172029
-564462 543089 85028 -177799
-763481 262968 -758967 -188095
-464610 -616318 -418132 -826065
-230103 -10279 476377 -228541
-803048 -726634 728125 -799653
616037 -640363 974690 -926233
21782 -225573 742517 -834163
-913331 509722 -399329 -888556
71875 20393 235073 -386636
-642624 685629 -45293 325927
-923860 841783 -801340 308270
-920122 990894 -598345 518771
-476390 -334205 -111257 -530891
-531656 822200 -506527 151998
-641327 -494665 -215385 -982778
-952079 112754 -35526 -622489
-392787 557670 281049 -556645
-655008 244329 -420263 -656245
-962845 2112 781277 -495370
-444787 83540 -430662 -597509
-776977 448911 -446188 -957690
238879 791392 638217 277412
620263 -972808 732104 -994827
-219627 603512 41770 -780328
-282290 305461 217038 -833413
241320 173769 778946 -213817
-857665 -455334 -335007 -902632
-915308 -690296 -592308 -839751
-618202 180950 -6159 172669
-589722 559004 54091 -514148
450730 236364 891255 -289919
-819181 31101 838413 -287386
-273846 -250050 686155 -709346
-391262 -706396 936050 -823379
-94000 928599 614377 807790
62596 -158038 921290 -430552
-753584 540076 -626211 -962224
-48020 -761066 48753 -825893
369780 -314376 810230 -473320
-253899 778110 107234 -456428
409160 -764917 968825 -872322
-156249 -307816 128578 -752800
-676995 -245397 521019 -736239
-934830 687180 -922579 -952089
-674465 417316 233336 -944504
168211 455482 317602 -652003
-188554 959022 -128023 577042
-748405 159870 837893 -510370
9405 541709 403938 -948281
33884 65106 175978 -955299
-771907 -75380 270331 -983776
38805 821347 808753 -587165
-583940 -293793 472279 -613010
117066 -706744 634204 -822446
302433 830495 926051 -602361
-201946 756246 698415 127708
-555865 257489 604018 -663081
-529673 847814 205082 163024
474862 320114 599778 -239949
-613629 -602386 -490533 -847906
517817 -24076 534611 -144458
138737 706543 968455 256846
338276 132198 979783 -549565
299311 -53782 444587 -762280
-516891 -648078 753868 -894119
745769 -188629 935426 -921463
-871451 476631 -492227 -555905
616046 829428 922104 602423
-782829 893872 2481 -589171
-355798 -19972 954208 -625882
306094 869296 876766 -643904
-145925 686376 -56559 -305410
583178 142415 646472 -859113
-58128 13347 76589 -937752
334656 883989 453724 136154
78972 866967 876300 -740404
-29769 476109 286111 -407562
-790283 899685 -266534 829997
227315 991433 587033 218092
-402366 712580 545660 -452913
-329404 229380 293025 -773808
257263 881682 566191 -704491
156558 305982 374869 -246817
-957833 656939 514807 305703
-933508 272841 548183 -434387
631160 158558 907178 -603832
-627217 -281834 -265432 -537233
-973721 -192473 27618 -567748
-642734 745060 -520356 507913
-825316 948035 -570815 524455
-629619 91983 -108062 -735103
-30414 547677 169374 -669147
-503416 528258 -309279 397441
-625018 977054 17457 -569787
-320357 936779 -236473 -933857
-787830 296503 -262244 -533255
-396271 -618894 156047 -943611
-143758 -331603 558881 -752017
-154725 412434 476082 -618207
-312860 250786 -258156 81770
-742100 897713 987695 488065
-979471 681341 -532599 204
-942834 709222 -216719 700052
786365 780244 800255 -866625
-238317 660427 128848 358704
-776318 640449 -607426 9485
14216 -6622 820605 -198937
34023 469956 547970 -519578
-323601 411172 250198 -975863
-971896 337971 -312453 -75720
-718872 -419723 631543 -953799
-643865 398373 -431824 -302791
-229062 -452487 374094 -527358
841335 996661 990651 -476400
-5421 970832 734723 -20426
-39674 -359193 959421 -544333
-464345 608012 -154747 -421502
-984843 681416 335609 633763
-581450 794356 320208 -230923
481001 947710 639390 442597
246899 922322 909075 201606
163486 581367 710351 -836427
-110232 -139832 547458 -775710
288105 741135 948120 -888173
-132975 143480 -81863 -983070
-796080 35183 49742 -725770
-252773 -485147 74564 -651969
-618996 598726 -477090 -424452
-374844 -58294 -42854 -347838
-634062 803140 351745 -917366
290033 236739 459116 -587276
-961896 619113 -384881 474626
-496310 -315068 169234 -440146
-981186 375556 958106 -586860
-655687 967821 947029 324423
-659663 -185609 -465053 -511110
-971663 347902 -256799 268290
-587833 -357371 860247 -572497
110392 20444 972240 -207880
-509737 43670 587697 -531190
-970009 -61661 -112005 -600225
-234118 389644 717753 -587972
426455 743977 811929 -69180
-863647 -277126 727462 -664659
-564268 -307615 613554 -794096
-259649 49933 -82994 -260153
602870 903829 729897 4079
-921698 47095 -772232 -4480
294394 469882 491941 -548978
9555 238657 77854 -742639
-896309 395347 689243 -221685
-819301 -670184 -713691 -976484
-705623 3153 946583 -530402
195172 401663 382434 -990931
-376944 -488360 -82916 -984386
-440796 -605117 682251 -783490
392363 36169 788194 -303909
-534667 400676 -527487 78444
-167514 -536304 682128 -716643
-514795 -481451 967374 -747652
-38799 313763 496079 -295237
-564296 -25839 930172 -403882
-604819 808267 -98669 535603
-472063 -458086 343123 -824967
-437660 943534 -66299 -38300
-405956 781987 255037 -285179
-790378 -71553 696127 -344989
-631990 861428 67134 854607
-503414 -569525 -503284 -786478
-584155 770000 47319 -317232
-782627 793174 -477876 -382652
-437064 961548 325626 -539838
-929569 -92662 -6122 -797885
-186226 808650 486064 507756
-782286 458277 240566 -306609
-917954 448023 88971 65776
-954301 919525 30712 320939
-833370 -154054 -36102 -404147
-377675 509899 273620 160833
473492 746413 714086 -614918
-733568 282370 706098 -123836
-724220 78750 -227575 67879
60638 635978 952626 -621183
-857714 176764 402948 -321706
538794 734980 849500 -877394
-871392 223330 451862 158425
-524102 170009 951386 109412
237307 -72975 527694 -991103
700313 725470 859708 155195
-776951 203462 423243 -380236
51889 783837 456548 -89670
-376565 469463 132219 -201819
-699002 383449 126107 -647665
-424242 280603 563103 80055
-508973 886953 494577 337402
-840776 -481079 51298 -608526
-438300 222087 126679 184276
-987408 -251016 633916 -839450
691701 -30134 956092 -195960
635686 966952 787654 -278697
133218 -608512 902869 -850037
-438523 -122550 46880 -600538
-62398 753717 101282 327333
32545 -878 90159 -892343
-801236 682567 -626175 -716711
-511464 173212 -68570 -822039
-59995 -624769 103035 -850502
598903 558178 655873 -82470
234209 467884 380822 13276
-537125 -193853 -367750 -490625
-547381 937450 -208367 -240359
-470879 725034 388112 65472
-926095 821449 916186 50338
-288433 203533 -138959 -346592
-270367 -611590 263067 -918464
-599347 246439 316990 -974069
534308 -489259 863376 -970218
-536819 767120 -499606 127246
-393919 697401 181984 606225
-928125 -39936 -464415 -283629
282533 760414 850725 -3666
213755 -116590 861793 -166355
-942833 -202653 -309315 -968428
-286743 995167 386047 -776389
-457557 260302 80522 -413265
-962601 597354 -866723 254882
180931 -887570 599509 -896053
-956490 362939 389104 -12413
-76770 213398 493869 -589356
-520828 917342 515518 377947
-481619 884598 -257194 316014
-866481 231159 842212 151973
-412688 831542 239049 -640954
-575197 -216070 -247737 -568567
-285217 881308 653360 -541471
-552656 -123750 109254 -210350
-644651 17718 835117 -7011
-757914 659749 622789 -324113
-140579 834538 254352 -373913
-695226 -127118 -5222 -191486
-399086 -473712 349888 -836849
52354 247215 259303 200293
-672250 -337323 533645 -878212
95558 -564322 237688 -632240
473799 463157 907222 -482706
-182345 594803 -143464 -506801
262791 925276 989074 -562307
-890717 779493 410903 770001
-808776 -133960 -794500 -144028
151393 -18564 189634 -943721
-760206 809140 226268 -980848
-947123 -5655 -100408 -341088
-863502 534539 -745262 353997
17727 775710 485763 -960738
-863412 714144 43145 -546476
-714076 734545 965865 -148452
-450326 -526713 249992 -775197
-385948 146094 740237 -509235
-966766 691395 -121538 -501735
-890210 399843 271039 -561390
337287 972022 693357 -941029
647979 809602 729108 -347899
-355055 20296 899374 -362715
-380603 -415181 -278409 -534856
-890508 688425 259617 248760
478599 483736 883573 -779918
-801410 663679 -224241 199004
354910 482968 879798 -404707
-928806 315204 994470 -334752
956488 151640 994879 -406021
537918 604508 569953 169756
74241 516291 948999 306954
-845741 970672 -536400 551224
101840 857005 626547 -58909
209376 53617 441610 -176713
-824576 710928 174082 -49486
-6989 784127 647556 318531
-888617 -858507 514113 -885649
-935127 -187098 145401 -854614
-590999 -221266 -17405 -541173
-646014 -372285 471981 -500657
70348 243153 398343 -619702
32470 849734 77127 -869819
-835605 -366614 301777 -871172
360141 76570 993268 -307033
313015 768792 907695 -32843
410694 -137046 851413 -609336
206495 -86371 881169 -894029
-932734 828504 -51633 665107
-948428 470203 793935 -62299
-875208 -399641 411354 -863785
-289997 -336026 560413 -352075
-622749 636333 -415391 -1469
-650877 426772 -237309 76776
-947102 724064 778321 718066
-838292 633958 -269721 483409
-195286 827195 499138 -410529
-570402 202265 428781 -977165
719337 404974 869543 -442262
-573879 -163116 993626 -771761
-201323 250135 380384 -267945
-158158 988344 399529 867293
-258369 582389 -203905 -949586
-956057 937316 -328268 30813
-810720 862743 -521573 454185
1000
-12605554 55954434 45764593 -82079637
30292154 56193449 32892968 51968927
25432386 6232761 83699803 -4896534
-18926949 -10141374 -4910686 -80561114
-89286334 66374192 54095197 -30979275
-50865980 -27017083 61753687 -72432309
-88785813 -13610775 -78801476 -55240798
-91324803 51366483 -63259190 -99204914
-91690719 -2267155 -11984762 -46226070
18419598 93711998 58858789 42248254
-30282250 96371491 93324363 21393049
31619142 -21140816 79090931 -92779804
45121473 14901444 98802008 -15545171
58786622 85554403 73863844 -16560114
-32657489 49576023 1700408 -70742119
72243924 -11262879 90149036 -43905016
-75753087 45435091 -34745029 -27643993
-90318587 75155171 -35858522 -97839931
-93035595 -42860051 -25252859 -92827988
-52269897 8080897 76550034 -88588357
-16726782 -66651880 -8045845 -98253666
57902081 61313932 68503647 -13916763
-28044786 52055219 16004405 -20411588
12565401 -21106193 39726819 -89181773
-29597918 82318647 70804046 22772858
-9832885 -27362617 -2235141 -56199451
-88609407 1777185 55061343 -77302390
-7642785 69472723 74125745 62755505
-33583032 54703237 -5003384 -41064508
20024633 17142678 64878264 -35014866
-95205871 34875270 50703348 -29740590
-13664982 51484545 19827376 -16841553
79648171 -2200725 94709036 -24465785
14326240 -18732413 62513598 -59046285
48009182 97993940 92367894 -79910380
-54954287 73565722 -10673272 69054642
-58749616 55201730 -48951482 -69671355
-98290357 -82981241 -66473403 -94917322
11348487 91614668 68827077 -39307831
-93417673 49484052 566496 -84342416
31585822 -32222910 80853460 -69027556
-42364287 32631341 56281325 -55061430
34822690 91956243 61364859 67719213
-35643198 -9113100 11029099 -48526222
-95761647 76945239 -18106924 -81891473
52724184 90418290 76616526 -68636532
-78951982 73069452 66720411 7219192
-34861282 94766618 -866530 22210455
-24513336 53009088 -1083170 28944249
-62080881 13622182 -19791625 -93243941
-44726593 5457622 28113298 -15939950
-76150275 -48229891 90885758 -50988692
-57769089 43959244 91142398 -14837759
18971808 -76015836 26410442 -83770555
-28985577 66360731 32309072 24624850
55965731 -34976070 70378631 -63476097
-20926855 67140369 76124438 -40748369
-82412525 -6684156 -78879099 -38974540
-97383222 -35796877 -5656236 -86793289
63554004 -45751074 84282853 -49569581
-73253648 68241343 21074181 -16972304
-1569971 -47679552 32261068 -73026123
-82973561 -22193891 46051189 -44141841
-87530527 27862486 79522044 -31481054
37303355 -34996039 51687528 -78322686
17532385 44853391 19498116 -65723547
-9387939 -1834010 55956863 -34318043
-77803618 85500309 -74802858 4921558
-63217106 12964621 -17707240 -86096193
61805572 61858219 98629338 -17631404
-17228934 69274906 77633547 33184116
23394276 94612232 63731368 -93592660
-98383621 14662319 35778500 -81524447
-87017432 7695387 40813605 -8392012
-39908114 97793744 -14344509 79097600
-21319534 18325314 30681482 -35884406
4867134 78967043 87128062 -89904857
-96014494 57440197 -77686997 -80664656
-12794843 75094953 6914662 -40979053
-52185903 -4544921 66294647 -25558230
18481961 56854181 41244413 -81115525
-26105559 99589351 -3662113 58103692
5440354 -13153517 9937501 -21134988
16178323 39183039 22658034 -72245864
-59015791 -9383542 -22634052 -75096119
-74358795 31884017 76435302 -6355390
-49180205 -8131066 57675232 -77134329
27951958 -44556576 76650044 -72259660
-85776042 -8434057 -67103660 -8622714
-42213178 79917072 89154325 36727406
-80927869 92039783 51611217 32820690
-50190280 97669460 10562454 -45415831
-57591417 -24936130 84592928 -35796122
-33478391 20944042 37186017 -30877297
-63595490 -84223855 96890547 -85866211
41686915 70631853 57078769 35728733
-81862078 10831682 41400913 -606850
18399003 74421489 50295542 -91415062
-94351385 -67933660 -76789667 -88566663
-15910761 -16160558 6706202 -56399854
-95922124 98557088 33291870 52453188
-2932409 65738090 13555439 -16304810
-56351665 31817127 34377574 -33317537
-71498353 1232589 2655595 -92909135
-26057797 63704745 -25525815 10964568
-42886625 34629378 48584524 -67480141
-32761078 97834467 -6513521 -3727021
-79311718 79932509 9108030 -9498744
-75703238 18877887 14957861 -81128936
-53148051 12224367 36408865 -47596651
-85876139 90218874 -77905181 41057824
-44379459 -31047141 23026899 -57405554
-3094698 83699788 11650395 25180281
64071320 39303709 77672492 13324540
-74773852 64290076 -2190529 -2569281
-47068469 38230155 6820929 -33184247
78978482 92896174 85896928 -68914723
3705421 81328941 55882273 21169653
-69696353 81568260 -39920890 -56516567
-18381552 -36472906 -16467147 -94550343
-85083871 27729074 -67143984 -4127119
-88663282 15321569 67565203 -70107084
-53450549 13816702 11217028 -38181964
-88102070 -45484277 91661876 -66297804
-43635586 2927887 -18628870 -66282729
-79221797 55641863 -76697450 -74181357
2000475 -59486935 47189567 -93748486
-96382629 5034829 55720716 -32387722
-26040118 11697674 -25061613 -80013730
59045598 -4738081 83271297 -44712317
-69602806 22188761 48859321 -70559601
-79751159 -15749698 -46457322 -80053552
-91278899 -11183525 68453980 -89295641
-40841870 -12134978 33245986 -74031899
-46509016 20592778 -23308409 -79617392
71319690 -77758263 82568455 -78624740
-15200735 64453877 64625901 -21769531
932031 57200847 29184797 -54373503
-32234315 28913030 81441602 -44711317
-59797892 -31169998 55073241 -32249230
-30192288 32144319 6983696 -31677456
-16940959 58672423 40729503 -26740716
-57369491 -50421002 78910306 -51419681
-61301820 -90124185 -6061921 -92246259
6747742 59882721 65407905 -55134584
-69493904 33132264 -3806666 -63355051
-56923599 52150569 -54718018 -18901464
-29769212 59123903 5917356 -65980072
18247363 37274960 78297203 -78542580
-54285506 66816690 573533 -65933312
-61206400 -29081329 21443513 -86544193
-18367228 93731794 48057822 -37623267
-46837847 59656194 36170928 44484170
10721543 48323924 97932365 -97957289
-55260888 65173030 -12802569 31087390
-39395482 37556045 -10270544 -94893254
-50106392 43596181 15859361 -34955208
-62495910 28924637 6641303 -64719044
-62240583 40461160 36643120 5852553
-67223736 19808771 -43905216 -32474827
-58938899 -25646162 88517928 -29454184
-61460675 42810882 76956350 5057539
-48328005 90719304 -34157458 -40458845
53336553 35179120 61850247 -17900938
-59873184 92761944 -17296788 32762375
-256639 8598702 42486270 -44699466
-25144028 -34970518 28092786 -37500490
-39295796 98840272 -9066956 -83040621
-97870337 -67938133 -61538958 -78378229
-34568539 26426191 76109621 -36267951
-99490640 90878953 35206680 26322202
-94796758 7114863 85230629 -15778796
-44571558 64047117 -18731139 63955282
-63309501 51207474 51123970 -29138887
-63632683 28250314 -38260893 -72538218
-82595532 39671125 -47819709 -45488921
-65856439 -22982792 -17397304 -65970935
-18299064 -7710543 -1356476 -45760896
-74289338 49035263 -8272704 14888964
-16565428 82983474 3421057 -93334987
37833095 -47924031 78409552 -91970743
-57622142 76795642 -38739536 -36793852
-22457327 29267725 13349882 -41574756
6593671 91723910 16482866 -28652526
-65547217 84729552 -60863543 -54382739
-76231134 4254623 -38720760 -51097941
-77270661 36129907 86887314 -29783750
-62284218 81472208 49054151 64730363
-62704604 10932646 9852565 -84699058
-63554122 34829620 -48980225 -25714998
-90937495 94994485 -86907688 -88536294
-99626679 -54685476 -63091533 -57473844
-71751527 43400687 47480831 323195
-43289559 18394685 -40450659 -10386333
-73216134 40594625 32036577 20462882
11666331 27421544 18069170 -31619751
-79960336 -43391344 18819165 -79018622
-8620869 66599193 46356360 47520061
-80820227 40275911 11977034 -91883742
-77967824 86107282 -67371231 15703993
73851897 95933162 84761175 49285488
-6715674 52729990 90203837 -109518
-53829913 37071608 20181632 -30047216
-38472644 -6772482 79372942 -98520556
-923850 22549829 59316357 -33910770
-59184696 28593540 -36888111 12984614
-23254152 87185850 38035406 78944816
-63474044 66991796 21326172 -36948647
-88503994 35788862 4172360 -64411068
-73697155 29052931 -33496867 -68386754
-91409221 78670069 -65872153 -8072449
-57142404 97166207 35617894 10500943
-89872913 10645290 30961592 -17340022
-82475804 121030 -79450864 -23746926
-39288337 19250324 30740071 -68984577
-93030750 9981265 89865278 -80815573
20024258 48648585 77403781 6154476
-64915899 -1972133 -35189666 -48752471
15253773 -78914925 76277456 -88665123
39373187 68623527 65358378 16713533
-54982979 -13228956 8625671 -58662335
-54681270 -14109110 24917669 -37315935
-47759947 28758614 -41068992 -43447204
40066890 13253742 58727824 -27950164
-76227870 43216941 -5660183 6068351
-32542505 60496564 -8293790 -51912014
-24187878 33375891 60929427 -36218180
-84280793 -83448785 74818135 -98587631
15365666 45260061 20498859 -9998801
58704970 67850465 97882600 -66419152
81424862 57095394 98175787 -50161850
-60529224 94057169 -7663422 -15757798
-44925113 41672784 -40654190 -85586072
-49915116 56118374 33132137 -79177067
-30249131 74799992 481578 -29835805
-55987727 77913708 -20880870 -3530303
-85940037 5195395 -24340420 -83819221
-82054543 -66696724 49694464 -72009522
-86263819 17620628 37045053 16932055
-80102608 94143634 -78704464 49350201
13507475 45238627 30872284 5978461
49738882 83828473 58039128 24368928
-34146335 6969830 11770567 -58467945
65776735 40139093 74338768 4393793
-83332901 90976135 49074748 83889560
-99714320 10868071 16363184 1254061
41717945 -5862909 67970768 -45250150
-42271971 87043116 65437571 6042184
4778840 -563131 15607375 -37454802
-77160224 84115950 -1866725 -33441609
-41219908 -20674333 17789684 -27455407
-72066673 18568519 17054446 -74821513
9337027 -7829621 45738708 -89508056
-67446998 78228025 -37588372 36744581
-87507775 86172266 -24485314 -49088192
-5227159 5008507 83553724 -65389608
-95077779 52124618 15333280 -47085210
-38182471 -54103829 42515114 -81574029
-59287964 61802952 81077522 29714630
-69266088 -53270842 36892948 -85302185
-27456357 -73752168 67224815 -77266596
18118145 16677511 29835792 10685412
-92477239 35877517 -19007408 35155565
-20782636 47547467 -1899070 -32162555
-64925081 68139810 -6355650 -86474283
-13478352 56418136 -872586 -78574707
-46760356 20702346 -15858869 -46545331
-56119028 14102234 81301545 -3176023
-93587324 53627538 -91383460 18905967
43327986 52879750 84292408 -11748705
-24201372 -86386223 11535594 -97781687
-98835625 -47795479 64073838 -55099424
-38974976 -9058648 -17825909 -70928379
21008882 28495634 27282034 -49365631
-91684432 8365024 37642068 -53376818
7828946 81115854 11772357 -65216266
-24162790 32425843 36201763 11588258
-96657941 35410790 -35696497 4590962
-81324918 61141132 20662569 15189265
-88254043 28971517 -3726488 -68071006
-76806888 -28838196 45781494 -41162319
-84467914 1903634 -59110309 -97402656
6414771 84916564 59816694 -71540645
-80226475 36345578 -18130094 -57049500
-82469051 23442022 95078097 -52693078
57314156 -59299212 85188499 -63442847
21147580 988952 87079027 -85811510
-57012566 40251202 -11670778 -42029779
-4587751 9008399 92665745 -6326290
-38406673 15439874 4991644 -69864208
-73334144 82788622 6349929 14878365
-44510400 -80414790 93913649 -96373524
-62515877 22656106 59165185 -15018328
-22681333 -10972696 86554547 -66719992
-98747049 55613577 52792097 31587702
-3742174 49743817 50095388 24228642
-25330106 55491525 -19853172 -65319225
4779693 27545266 5616431 2598251
-59175548 -59770446 -811914 -71351202
-9328005 38982698 58314236 -63702323
-93877429 32457136 -84101649 -57238685
-41382038 72058790 -26688138 -38820994
-15951978 117654 20147138 -73549967
-95301049 36270523 -17297732 -20871677
-94966559 -35647036 -44011253 -78600852
-75273638 -53157576 40357120 -54928571
-10285391 57900875 -2070763 -2297928
-88875491 21216470 36561443 -41176824
-62717010 18276438 38097258 -40373296
-30833048 71931916 -11581517 27895213
-54605171 -67162103 -20067257 -96762400
27252022 -1042717 95349091 -67380682
-6505830 58222682 45969226 253975
-71829517 42904618 -31185255 -63297093
28041487 19531220 90876213 -2884867
-31042050 -27296498 16268132 -80530309
10637146 38846380 85800788 -30553016
-64248585 47891855 11839762 -98375128
-64678938 23711707 44373293 -19713278
-34452844 73111840 47315584 -68474945
-93798812 -26654398 32260904 -71752817
49414423 16861023 54534663 -90269266
-82514281 78203309 -6933083 -41608546
-70714190 29148292 -12345451 -62193135
-41342363 43598099 33192193 21869155
-70885697 8032453 -4165024 -49965871
-22244149 80508353 65592985 61932660
-21374760 47517829 51965772 24132609
44941 16624140 44908894 -64658272
-81277264 79053067 -74430230 -3473883
-46936231 3031720 62310899 -53041205
-84846588 30614588 -23310572 18966714
-82605487 4353387 9109249 -10180033
54407572 -37313599 84661135 -37955474
13261291 93527134 21913311 -21209404
1253685 39853865 30206294 -84559187
-67449447 65240807 -61904604 40991236
-46185791 29123022 10841036 -49211140
-38941688 -8961622 -25793733 -33275014
-41608065 -24224547 62505974 -63277995
-92465502 -21743650 -23545602 -66875937
-22656927 84274142 -5919236 -29515918
-82851773 -16990929 -71385653 -78477253
23952137 85600827 65462849 -31358590
-49477962 -13874292 1540319 -19922615
13759335 48050067 74488248 14494983
25101058 98163899 51319140 62795105
-86929824 -8091497 -56039854 -17688164
-76331769 93693174 546329 -90970824
-53650154 -47447716 -41639527 -69541732
-72153603 57297774 -60822168 24889045
-31334898 73755807 39427410 -44349129
17260189 1445001 95071190 -46602803
-39947249 36755604 96541504 -17424283
61885463 35305142 75639655 -35442080
28248999 92151739 38782312 64734965
-51846606 40989489 22664761 -57662993
50217154 57679318 52723089 -83671234
-2304274 80050444 28248790 -20427818
-43368097 -50198058 -1064431 -54125349
-28102026 68774256 25236868 3238273
51132156 96396982 93100743 37929533
-19505765 -61735617 40019285 -83172017
-19485455 -30521298 41240739 -33278344
-99661898 92466374 -73793873 -6227096
33301220 66176686 64419130 -75382033
-17109889 -37858120 64692314 -53418477
41524715 87780529 58331881 56638693
-65561790 22957031 78826814 -42432431
-73324675 -5769727 65817996 -74186924
-59857701 71660854 -53312393 -49720637
-71826794 -46266494 1024776 -93564071
-41768537 -29188558 94476350 -58328419
-56237275 39007943 -31178955 -45803214
-52868539 15699154 40425222 5108535
-15696668 45077506 4284263 21719962
-6883943 -29535430 93501717 -61571665
-69211817 -10348747 -36726650 -71848410
-7394158 -1241609 -2629213 -96363095
15915775 75257732 88982824 -95018908
44730930 36103727 91784432 -98525870
-8058802 -34495080 63289508 -70436831
12450989 47508521 64287981 -18483016
-98618725 30591222 45205807 16396889
-27997961 29070691 17973616 -6914544
36979478 68757662 54417637 4679771
-51544703 26903743 -26953678 -91943623
5121087 -30265366 43504728 -31749874
4772041 59633623 77009268 18025427
-31515458 54587821 72070766 -28424214
-90355455 40908122 93299701 -43608244
20780812 7866202 89076836 -47143585
-64870064 94195407 -43043354 -38076130
-74090894 50137793 -39875380 3273453
-35130551 47547720 11471077 25261889
-56645246 23631850 -35589889 -81115792
-95386945 99894770 -2495483 -55998437
-96917208 46448212 83819589 -50903887
26948870 5151432 83349974 -17751998
43872808 -30174511 68025282 -40342782
-20900889 45375305 31483415 19443693
-15623179 86924733 58242022 -26572060
-61338966 91773018 -47272445 -13530629
-93269179 50855612 25440488 -5599522
-98982126 32492503 -49900250 -91560381
-3118951 20421174 -2907165 4143123
-49299904 89400662 98982660 51630834
-13838623 15738804 27129269 3504568
-92846003 76159317 83066507 -17871394
-39113620 62259368 53814265 53294035
-98249045 99594135 32810738 48252551
-87550935 59209914 85388829 -23599564
-85609417 28035156 83001593 8252598
-52165730 59685485 -17234425 -91463981
-56284605 90998756 -33591652 -73944202
-17662319 46383026 97460747 -13219994
-87460369 92486760 -18647332 4598297
-88578221 -37020748 -85397067 -38407463
48463349 78760829 80866364 -88163423
-10804690 81792617 13537570 50098813
12346850 62849679 63491484 18404639
-4447874 70021598 79250725 45394305
-78455460 49574536 55519300 1495198
18520068 63363203 72094418 -62448650
-67378942 -4920298 78096061 -24410711
-35172606 25691601 84755286 22312999
-59436708 -34109519 94521483 -83269989
-32764045 24750471 -19905168 -30295994
-24488484 52276645 80292552 -22606959
29959308 26670538 50921867 -78654226
-87081692 98372707 88500595 89154622
5444037 5092940 5989435 -36499290
43185630 70947337 60996235 -72610966
31210271 24955123 71444448 -13301144
-26956148 11347847 43007147 -26500298
-4783292 28199403 81852099 -58198941
-2513225 -13930240 28220734 -15268248
-86129667 28158052 27868603 -70905569
-80655368 14408056 -39847317 -53557628
-57820191 62751986 -48600288 -64147217
-46179709 44592282 -16140441 -21664322
-90988857 27591500 14534355 -56536511
-48432492 16030033 -30896071 -49011602
-98386846 -75927579 30584757 -92260366
-3104311 98518513 21349843 -24611696
-95519818 17663087 -71063793 345431
-30746356 97967284 40902639 60191480
18243709 9550404 91726995 -46157233
-72025648 -40922019 -55230422 -96974140
-7760006 -35480519 70604524 -35996820
-77954166 -2688110 45253998 -95055531
7677328 92414773 97199888 71250292
52201067 76282402 88325460 -56039833
-13130099 21655398 4152201 -54048510
16424410 97363172 51501136 84924941
-84384359 -31019929 -70400465 -40679085
-28535799 -15810309 37848409 -56423220
28406392 -9663324 53694373 -47351254
-61689330 -50040750 25837881 -71538190
-96037867 -2646059 -92314477 -14106013
-68727408 37848285 -65758661 -20713147
51121337 -16666180 87484309 -46027635
-36451234 66812854 86535071 45032177
8203992 23631279 45587087 -52983605
-28936391 17450967 70122090 -52944008
-65282973 98839578 21004445 -76025487
-84623714 12373017 -70923177 -46187417
-77436783 1895873 13685591 -15336288
-41887571 21200845 66753319 -41363114
-81432391 -2480244 62632667 -27374322
-80280365 13439773 -57878745 -73307003
-15745394 -14653615 52601994 -21211642
40848803 16868993 79694570 -72981294
-45840366 66632040 20964921 -57760911
-79569283 86321465 -35437222 50958208
-58343104 -66092632 -45123215 -92125763
79487008 87766452 99837923 30343925
-44956497 18986709 31874925 -76305870
-37996392 53180108 -11531978 -41754986
-52374234 -10529111 87285831 -40674526
-91254542 54040575 -1321479 -7318283
19165777 65390572 75973541 64455029
-2698147 31654815 34032110 -75773989
25845810 -67993144 95354875 -68158777
-88821586 -11940734 -2948101 -21784974
-99195763 96662132 -51246515 33026510
-89595211 44322546 65754894 13055763
-96802883 2661412 -88818009 -60375480
-74404433 -31594216 9762637 -74051239
46462909 67023957 81645786 -91465363
-22715207 -20918624 29520820 -78628451
-86314391 -59451955 78699103 -85547909
30596317 42984015 55520324 -91034056
-53619661 82747073 -32579781 28440699
-42018646 807090 -7568701 -11726603
-23998198 -15525649 61953248 -40148193
4989418 -54025240 23606465 -74720149
-86414878 31736837 -8121131 -56604629
42106667 56816393 71062022 -73099223
-99674504 -4883859 75643973 -48697801
-17788976 91858952 -1397937 28669219
-89641169 15532670 64603930 -57725480
-56792519 79719141 24785698 77595100
-68361020 65126842 44720156 59759038
-68341542 62525936 -8188589 -44757211
-85245931 -50340145 67269978 -61737196
-85928768 75671755 -28004947 -5547231
-41810321 22791376 -12819832 -6171076
-5733306 13636211 92152773 -38277678
63155361 49917647 92633562 -96355642
-32424805 -29490216 -18219149 -66908236
-92823378 58401721 56184834 13595456
-28007973 65123017 46611244 -26325208
18492577 39557810 92354227 -10967247
-32095518 95453995 58549573 -19093056
-68015527 34273895 30767540 -11522734
-85732888 36137041 -82632485 -37754467
-46771149 -7163539 54562517 -82618452
-28082787 93500780 -27631759 -24616133
-20381248 -11142707 59316909 -43822000
11498031 5934579 63464298 -99676640
27075142 53166471 39744221 -70952044
18317869 45389673 79739020 -7828426
-86267802 -2262425 -66854337 -73348431
-50615790 60870628 10371305 -64939030
-86907946 -72529939 -42780523 -88336310
68440372 -53672562 70103954 -70767145
-19266516 6052281 28964043 -52718207
27339398 69041149 85478256 38191350
-31237037 59565233 18054010 41026303
-502125 26499285 18507752 -35755439
-37311566 37729164 30585811 -86436539
-6181543 73851232 60430598 41919148
23658881 63705283 39896298 -43751179
-53916527 -52338105 -25807526 -64868457
-24195134 87642798 2793637 -59799594
-82735644 -48261054 67093340 -66302363
37097794 40779777 96720753 34951546
-95253501 46035505 17513753 4284320
-57060016 -19355705 42759056 -99670261
2703305 23909636 26876057 -11869366
-75932291 -17356978 95903635 -51928159
-9412859 30189034 40523006 -93788494
-67315423 31262366 17566280 -478528
-56545073 66845856 15102529 62674782
4596940 77836761 40944799 57642502
-27450125 95232464 726688 73053601
8325272 21041598 15025802 -39704268
64211560 -32503484 68374382 -57818113
40594763 97937476 65967509 -89115191
-44717999 -3859910 -23947463 -54656482
-60164321 -8531659 40587553 -42400427
58914586 41406382 84008536 -68768631
16992796 -7978569 43447970 -79081665
13801226 68782179 51465988 -93333735
-22643375 57960855 38878158 56318260
-52058836 -66161670 -9706994 -81182285
-19824487 -31233254 82302503 -57446323
-61704595 52738138 21370624 -39384581
-43901549 77714650 6298284 -63025866
-1614456 52525037 67757566 -34710028
24801819 -39099592 69040843 -54288574
-26955906 50881403 50941278 -22433004
-26337635 2693936 -19102873 -9228343
40815099 21671006 76348666 6291114
14483914 15105036 66966745 -69871553
-37308409 52153498 -14409924 -87619629
-71026538 15710641 83879921 -69375036
-35848005 92015136 63805140 -5202939
-97489988 21110443 -82729394 -25156635
-51809726 98979991 37553558 -75329645
-49200639 -37412676 34640361 -73723311
-32225138 45547062 86273631 42616831
-82650255 8669333 18843394 -33822753
-50585456 60642735 81553259 45409584
-96285231 53822798 -32558638 45206069
-9541823 268013 5673498 -93949903
-87074490 64995693 69092978 -18776029
-46313500 75780479 -3991144 69340032
-24851845 1267930 16454119 -13224388
-68214058 68864135 -8991657 2354114
19302000 72704825 23315453 -65838176
-92806237 -53509494 -78615858 -53785417
8697378 15627741 49420311 -41039049
-5462472 67610493 59804795 52350287
19120239 -65452861 99097867 -76912801
13185348 91002652 99960344 2765912
-38080055 35165323 -8464130 -26005614
-81276863 97372672 52104452 47673052
-22725172 -22088600 49544800 -50734511
-37488896 93260861 21465654 63782122
-3355656 80070971 44969918 -53633060
43617542 21152976 62503441 -81684114
-98413757 -34264837 11979804 -66975160
-25153902 -21646291 97704950 -34611057
-95956045 82867871 -40469952 -90774993
-52332466 -52473780 24952856 -92028226
-9565285 -14679289 -995210 -73883897
-45777167 15996315 90087900 -72022660
-76917076 91449025 -7546814 -53711217
-89749031 -34437281 -70274426 -36585959
-35257717 99288454 -15065759 18994058
-64235834 96022763 85979413 14663242
-59613820 61533846 34975915 -63886249
-94175240 90407220 -21964119 -18225330
-83653281 -40584613 -59643381 -80533186
-6806882 86108920 49337800 -98618238
11997753 79294756 70234927 -12592651
-20393758 96604035 52718593 -42186818
4073872 21881684 15894010 -50916541
-21598781 -4760074 30391499 -13234524
-39239155 69630757 40898834 23865657
-1556748 83919944 78281530 -68950249
2858140 92460454 93595004 -5321120
60587243 88888153 95911434 79149634
-32689438 -58819182 17170564 -70663602
-14228760 71922039 4883488 38110973
-10550234 19882760 70581913 11058290
-76000063 -60421848 91406755 -90703368
-43804685 49220525 74917137 15318066
-64052383 -30106518 26710078 -75786966
-32884241 77248743 83662805 8560363
-35241430 75341417 87404711 33639490
-62570697 34084442 -62194551 -76910515
-66829648 794845 56559510 -36356459
-79955900 -22302211 -9416130 -53521525
72900845 -49534169 80299381 -97822731
21197022 65448267 48804753 24206779
-94845145 72732219 -21127536 60099573
5576600 33606907 80642274 -29787381
-60390311 -40059987 76330952 -53078593
-42192504 22489690 17883544 -76379141
-12478982 53137333 44404692 -18144131
-22336121 74240616 71962917 -48271036
-24163116 61659278 49550823 -83109613
-81200377 -11554924 -9878989 -35920763
-76166176 -51649672 81763203 -98858357
-48637376 93785020 49320693 -94798746
18130091 89428039 59347075 -60864925
38145371 69677295 56193334 43755736
17920570 34489676 51723060 -63014647
4738419 66345344 83116493 35550825
-23637716 77668483 -1215192 -98095216
-23122194 59531781 -18698190 -43234714
-14946452 27859500 84114415 -76690666
-75114204 -5698297 -15342285 -51300794
-33037307 -51032387 29831330 -82096825
-6393254 55748926 41082745 -22257161
2174711 7660779 30056191 -55377961
-26518127 -2784018 87914344 -44874033
-77462570 44725672 29738117 -36847644
-49837647 20098696 -18384245 -18078648
-59626009 91647384 53896895 68330888
6224873 76674285 55592460 75996056
-51876146 92497762 -2424620 87622796
-55935814 -1696775 -19754708 -25803004
42991884 13568849 65393998 -88434748
-92035931 -70014842 18028286 -80424414
-5043926 9425235 46385996 -71231801
-38061222 25765972 -26510977 3131033
-75217247 94319957 -23770099 5599209
26038117 1772442 94062073 -9534354
-76184536 58635058 -55548178 45276483
70959112 -32442664 81629059 -34667779
-28506764 41474743 86578000 -12266412
-96726751 8630853 31358122 -7951555
6743144 38634016 85755669 -18808072
-99834114 68317836 -66375039 -18093450
-69304130 -25817978 7427777 -41474041
-8654804 71859128 40338565 -29140919
-77366077 66479700 -15089801 -77593033
45578863 81873976 82272110 -37096555
-5112630 -22623445 39161510 -41021156
-49939836 44013738 4977083 4401370
-77159635 22165354 -40386397 -96600527
-98095573 81575104 2650982 39682399
-35748709 95689294 -24717353 57454056
-88362057 23541642 64021342 -4917394
18306563 90804883 28862305 -93436811
-30463033 -14495779 -18346241 -22995173
5703899 88294834 40997589 84563671
14631818 17196375 97521460 -29967067
-96361768 53330291 -71870177 -58175563
-74764381 -39315536 -9323211 -49774018
1989244 9366943 68178061 -70617151
-51463083 83905244 26084881 -10280983
-46730314 67259552 -16688017 -55522352
25635621 48702058 91363864 -25603958
-91086561 16303512 16960697 -17670045
-90319199 29052097 1023381 -22362904
37200132 -5537244 89391917 -33077573
-39981938 -31058271 70581695 -85093076
-45633920 -81575971 -16155198 -91927158
33871339 77060268 69957590 -67347854
64397081 62421478 67677039 -40643674
27872348 36947606 64081377 -23187452
-43561700 19031156 73960430 18219766
-62527222 76323380 90287242 27724050
50679853 48127434 81178805 33426799
-55763638 12635022 -31961619 -40230742
5181330 65741311 11830991 -91474813
20986426 98896949 44910684 -56371213
-56197238 53613652 93311216 19212188
-98045575 -22472717 -76124484 -28465736
-26358021 96404144 38269627 1486792
-12963872 95596604 56058186 -85803418
-26227876 83086355 92675843 57583443
-32503533 -30302708 34817860 -66294256
18713495 94346993 26037710 69730149
-55036203 61573544 -22809016 57130915
-36316295 12365274 6971196 -62077258
-23757216 34014540 -5058879 -46800063
-89261181 30292909 71206613 -3279446
32532327 47122059 63929374 26767912
-10527481 -48156683 2292429 -90341504
7710323 93120615 23011988 28401653
-76467294 -5907348 82152053 -44652783
72226130 -93482525 82054438 -94354423
-87223720 56168664 30056897 14040453
-40997205 -25032350 -10171539 -93591267
13611678 81251528 80307433 27600513
-98054565 57901472 -86848023 -29203444
17642571 91971081 72377132 25629818
5723594 -20677195 15577534 -91805485
-42587856 -6144049 84101460 -82340225
-68686365 90254068 64676650 61298241
-94482934 69656658 -74919311 59183762
-86917728 51009255 -64633134 -25012718
-9813589 42651617 26457036 -74319885
81089792 -65246634 87665085 -86396187
20215265 34203974 31754015 -26137001
6377634 -17346613 92407049 -55818730
-33782937 30492804 19680920 -88246762
-47840189 -19851917 32503290 -47166003
-3917634 99320161 98381781 46638788
-31262285 92407246 26589889 -11882138
-75392085 -9835354 80673845 -33186847
42198728 46261828 82738356 39892603
-67177846 2719478 24770219 -82476192
-6400086 54661525 97522460 2703956
25151882 31923779 34100410 -37012173
-99966444 79092450 -60170056 52084939
-84094082 86741730 -40364296 -12289553
-20612382 -19649064 73716852 -44704862
-93284588 89842444 -45753675 19272838
-54919528 -64488373 53249152 -75367018
23356464 -17651308 35324449 -94105222
-51939620 84402427 -5028644 -69296065
-60510346 92786332 -33242267 30167855
-64112613 -8610551 76339711 -36107860
-20801200 22323433 24724345 -35722818
48088249 -33742819 49981818 -91479730
-90290614 24511053 69955940 -39439184
-70006941 -8303634 87122568 -37152117
-86197545 -32678051 37950072 -69200833
-38867397 56491320 42240094 -19836363
-85781116 99279407 -55259850 28424599
2755168 -48946143 78831881 -95691311
63491375 96689969 99707998 90976247
-85941185 -6359760 -43634856 -17781071
-74848853 -50841579 -73491963 -87513096
61481762 58448191 73925236 -42004646
29278951 77941761 47133106 2206443
-17170285 94193903 42679356 -46125545
-74511 8544278 94221280 -4982602
30042709 -42858372 67145645 -63058844
22407270 82398267 73980812 80170431
-36570880 51715819 37244057 -10559827
-87123630 24471327 -77303091 5411495
26645928 88974298 79833687 10196210
1948456 20077435 75439334 -23897025
-4619172 16754083 31728325 -40380360
-61743378 -72965918 -20548534 -96023401
-54583362 99381759 -18591767 22843438
19675166 58117159 52665475 -64164062
-62169617 12188581 36306067 -32207839
-95373740 22055822 -57843505 -76110937
25348264 6129684 50270827 -55168690
-19456003 93213326 38906834 46049177
-49072184 88055804 -20999778 15359803
-39399000 29472298 94930178 -60021928
13402342 98579637 56964571 31434229
-76326072 84405057 -52523347 -25093655
47320742 74682783 59175053 -33289890
-57323819 -35231307 -54905314 -96010671
-206595 30140235 86276833 -52017112
38483714 -1016463 92788960 -79491494
-94471966 65886584 -14238955 -56159050
-75825774 58159996 -56395432 -96639603
-80163948 30669317 22576646 -40341560
-63587688 58795110 80756431 35349801
-61076769 81382070 64558834 33822700
-90844609 50802827 -62994185 17363287
51620769 -21088435 91503346 -28813632
-98614577 -73118410 2950972 -73188007
-62776024 73668506 -13204790 -35660264
-90633324 -31239165 -59410844 -31729632
-97429804 -3905573 22105118 -76170271
4410802 43162974 56285405 34637872
-58700002 -15088988 97075988 -96074708
-88665041 45740519 28094970 35343962
2117444 9315232 46389358 -41645927
52074136 -2578103 72492754 -97520211
-95872029 77904443 -23823999 47690234
-86400565 42344179 -8896096 -36994447
-53311230 53037686 -33373769 -87957892
-76222709 92971495 16355585 71609493
37554628 9726101 81291228 -19610126
-35748045 -15467836 -8604145 -84454125
-66501076 -49725603 73716122 -70548035
-22063060 58615855 14188520 -19597027
-72583889 -8194392 -36842724 -62078776
-18388926 40690913 81395507 -60055591
-77413837 90995373 -34636228 -61539397
26547756 15220733 64244358 1122029
-39171562 66315104 5669241 -88026613
64863047 97342266 81728175 -61488840
-83418414 21466917 -30558271 11857764
-78105528 36905762 -76349056 -81828039
-40404131 96348431 39032359 -57240975
14995489 83545341 75073182 -30064190
59401229 10618713 73082851 -70957050
-58752611 13001140 71976692 -19554559
-43384989 -63590949 69452754 -89707588
-58435601 28300532 -20689703 -4742794
12544222 84620433 90708759 -88345763
-60141371 88387735 -17857651 -1197629
-94752929 33655894 29610612 9973877
-8330944 47724393 24158538 -6050924
-88453496 -45727993 81627104 -78491327
-55500464 67501643 17030381 -57884706
26470500 -18708873 33319969 -41612036
-38544400 30760212 -4234623 -67090330
-73629484 -63327101 -67415514 -67811174
-66393196 -29041231 -58644333 -72522719
-64249124 25976246 62614384 -51137854
-48000170 5721641 11516980 -17246537
-62669504 43148376 29593205 34485095
-20638134 -17807404 -5757353 -88135179
-94801477 25779634 60147807 22762507
-75031921 62043450 -45600014 -22791447
-23202777 38334961 -18635637 8093552
-83755572 60839986 -22212525 8988301
-5291739 66845383 8170128 -23639802
-36946798 -52647237 44818351 -69318602
-5944962 96889756 -1154935 -55033807
-76889827 -6853051 16153475 -96790851
23519272 58904687 64780468 -77410597
-69766261 37264035 19818452 -79003165
-80262419 81133400 -17293768 -73051056
-18332573 86404875 34632715 40411124
-73370119 60413195 21155763 1718107
87568550 46735304 94388847 -54753934
-72454559 -18732994 -2224891 -68811152
77996514 23862385 86130326 -34751781
-72999133 -20366980 -22415242 -33748554
-51037843 -20559708 19761777 -74310744
-83824818 93924154 2079208 38673021
-3651469 37900841 27090679 -85703172
-19115157 -56311143 74486292 -74662456
-31862630 87916786 52212235 21414565
-19890382 35056418 15036023 -96997553
-29997157 30389535 9806356 -96808987
-54607729 14182478 56157370 -23771298
-7339241 -24979686 78855080 -78251595
-49392252 91655132 76620935 65849784
-61382170 63255035 -1448477 31604885
19490881 25487253 62245519 -42882713
-54947600 -53571 -18556950 -32579753
-63055785 -36968793 -25133981 -82954701
-53218455 38687854 -45925956 -16634628
41863798 86114063 45646761 -24070588
-2203035 67085633 26466382 -58336595
-51615816 -45784120 -24157943 -67728836
-31959305 27395518 -9927060 -4725033
-88946653 94175513 11806853 -5459394
-31703560 52682468 40641159 -32499990
52124997 20491629 94365061 -30808637
-19043225 44680701 95010590 5166339
2006660 -8808183 38937671 -84334436
-11984391 10363834 43669583 -44829709
-97074833 81064610 38890434 68572471
-33410299 65148749 -1547634 34887376
-43119160 11990936 87852435 -65086047
-96222739 95509108 -54106705 -18495035
80450447 12829884 83753163 -65855348
-8090664 2349483 -3687933 -46640466
13007133 -9684336 69028601 -37557610
14073098 14580622 16723927 -78927046
-75538658 6855635 74195884 -85562201
18575524 -77638488 71607541 -96711441
-86643432 86217312 50492443 71925196
4377323 -35120249 23011700 -71094189
-50204856 35846518 -30327260 -80891266
73538179 -41877122 83288546 -44113070
15063027 49795044 42369661 45856595
-7483451 47478615 71314332 -23046335
-32519131 -15446974 51310657 -75247831
-90704327 -35914148 62204616 -69657727
10729913 68041731 97067217 45544345
704858 35336992 15559787 -13860814
-95185773 15845774 6350576 -66572349
42142595 52602313 93732057 -37464246
-8399930 24448654 40929340 -5764153
-41914251 40140032 96125198 -8559296
-96988764 53382187 -31748102 2149754
-86721009 12667514 -53344190 10440396
-16320395 -81073228 45864561 -93714189
-49104255 46528751 28092177 -4660598
-60453953 11653223 4660596 -56879266
-23355229 98432385 37802533 -57194254
-90993127 18245444 -52278175 -52671592
16913078 15728002 79846049 -86413459
-18620628 65303174 84673183 63996560
-33319217 -36030686 3581367 -92718998
1952531 98876397 58295345 93519320
-47152887 39793995 -4364666 -52911952
51736005 19227446 85744512 -36651010
-42404719 23705752 18913768 -46909280
-70407597 701478 46512816 -17466371
-84527343 70927273 -67405611 67752659
-94114625 -44463404 12421721 -94427113
52667049 79618017 72247315 -64605604
35687028 10419258 65092835 -49628299
58859770 97416824 78707446 -44221363
22326353 97808145 97164689 43988449
-78864795 44819743 23230258 8246017
-98543788 -9123455 36486456 -10671955
-61554330 -78368936 56860554 -95225200
-85603206 15327332 91184627 -5672740
-30960840 52328762 4954186 21790208
-99557651 -17343723 -89206821 -97984583
51409039 78624318 73503499 44883370
78689432 67857762 84562392 -55792278
-31778517 26776504 44330776 -47895996
28408263 -4712531 46517727 -40183958
-80483430 -43992625 -1066294 -80724891
-37344192 -41523581 28020956 -93977867
-65055082 -21547113 -10110588 -87380729
-32574855 44138176 7374150 38051323
84888479 32260304 99938594 -82317571
-67563486 75919402 -25517505 -24137040
-97685783 16266341 -59660528 -35600364
-97794729 67660507 42892914 53129831
-76314945 -41454549 76549644 -92911203
-74115371 85782582 -20002235 70960684
-86996978 87119886 -25322739 -63400349
-744241 84857046 50011311 -68981448
-52332398 48644187 24111701 32432054
-85729248 -78416274 -17202600 -83594736
-14471076 -86159688 94284320 -88044873
-35738714 14630647 -32938237 -63668780
-9422013 45576786 76337757 23184335
-11620072 26932970 94789357 -9750188
-12616187 78770330 67055763 -36685844
4723871 41668491 14899718 -84599287
-85840593 87640493 39761715 72725410
-63009234 19671756 79246987 7244356
-964329 80805321 5220705 -30002711
-78586362 10949051 -13911078 -55029025
9847918 39644300 30458406 -56467225
-33530010 -32358543 78342429 -47083997
-27524060 85375830 -10197551 81193501
-2968299 9583114 50115565 -11445259
-96400266 6042932 35514968 -83541138
-91390107 -7642781 -74932702 -95763968
-75536021 62348064 18911502 -98328169
-77904750 -22033047 1477423 -78632322
-76429632 -33451731 -68018606 -54669435
-64207033 27671920 -58697045 -68078697
-85582510 70196186 -83447009 -74679181
-90001407 47581443 -84701204 -77972037
-45197178 85467244 98560762 59104826
-35841632 25714972 -20532464 -50881321
31953505 -12008589 61232295 -51525493
-85263068 -34557227 27950076 -69249959
10771012 -58751406 85058546 -90926763
-84382069 211201 2514741 -89414795
-70433008 67076129 -54430406 -36287917
-22000160 88192926 9170939 -3732889
-98277620 -47449285 -789009 -90958555
-86663755 -48771798 79835844 -91076217
-72332934 -72545896 36973114 -97326617
-49326836 -34703510 -23530428 -56755080
-93460669 -4451799 61088617 -91211838
30127361 26460701 34001148 -88723517
-85792851 -10270154 85086923 -78608530
65908246 70857388 91070072 -80289556
-80562565 74946037 -68216553 -52909153
-89052917 58770455 -26688550 -28901367
-26589786 47315749 88494897 -28426950
-48523800 22422018 34490381 -72963183
-66258803 97470327 21896278 -56651260
-38264 29638355 70270205 -11632219
-31282878 39857727 7892655 -19650553
-69730485 99859592 55395375 40066582
-56908222 -52908574 27649023 -98478600
-89727243 23326229 -56355616 -38964274
-78163156 44570469 -77788554 -69490697
-79182990 43583282 -2517611 -58440670
