10
3 4
5 6 7
2 3 4
5 9
32 52 68 64 14
18 14 53 24 8
5 1000
1 2 3 4 5
5 4 3 2 1
1 1000000
1000000
1
10 6
3 3 5 10 6 8 6 8 7 7
6 1 7 4 1 1 8 9 3 1
6 9
32 52 68 64 14 38
18 14 53 24 8 12
12 5
21 32 45 31 84 93 28 43 3 23 11 12
55 58 52 24 27 28 19 20 72 82 32 75
82 12
34 87 21 56 49 13 92 76 18 52 31 67 45 99 14 38 72 25 63 47 81 29 54 66 10 39 58 12 83 41 23 97 68 20 50 16 62 85 35 59 44 26 90 15 70 53 32 95 77 40 8 73 22 36 64 19 30 86 57 42 6 75 48 27 69 11 94 33 55 78 88 9 61 24 80 17 43 5 65 98 60 7
93 14 67 35 42 76 58 12 83 27 41 66 21 89 37 50 72 18 65 30 44 79 10 57 99 28 62 54 17 80 39 24 70 96 25 47 53 31 74 15 49 90 23 68 86 32 91 45 13 84 59 22 71 9 36 64 48 98 26 88 5 69 11 56 38 82 7 63 51 95 8 55 33 60 78 16 43 52 6 75 46 20
212 212
54 12 78 34 95 61 20 49 87 31 16 62 43 85 18 75 39 59 10 68 47 90 26 81 13 64 38 52 73 24 99 29 57 40 82 14 88 6 33 50 77 91 19 65 30 58 41 79 28 66 17 45 53 72 9 96 35 74 22 60 83 15 69 46 21 98 25 55 32 92 11 67 48 86 36 8 44 93 23 63 37 71 5 100 27 56 42 80 84 7 31 89 16 54 62 13 74 20 41 53 18 60 87 25 47 93 38 66 15 52 79 22 45 68 11 83 30 61 19 76 33 59 90 24 67 48 85 14 57 40 88 21 64 32 73 50 98 12 56 28 82 9 39 69 31 86 26 60 43 77 13 51 94 36 68 15 47 91 29 75 5 84 20 58 41 80 25 66 17 89 7 53 22 63 37 92 6 55 42 71 14 97 34 65 10 49 86 19 78 32 61 27 50 69 9 99 23 57 35 82 11 46 70 18 62 40 73 21 88 33 54 8
31 94 16 73 27 51 89 36 65 10 55 83 18 47 76 28 59 92 13 68 39 79 25 54 90 12 42 64 85 30 67 19 46 74 33 95 14 61 22 53 87 11 78 41 69 26 52 99 17 63 45 82 6 70 23 58 91 35 49 80 15 72 38 96 21 66 9 43 88 20 75 32 57 93 8 48 84 29 62 50 98 5 40 81 24 77 14 56 89 37 60 31 92 11 68 27 45 73 15 52 86 34 61 18 67 41 95 13 47 90 25 58 83 10 74 36 99 21 64 39 87 12 50 71 16 44 80 27 55 93 31 78 22 66 49 82 5 69 19 53 76 29 61 90 7 46 85 30 59 13 97 24 42 67 11 71 32 88 14 38 84 26 63 20 75 55 92 17 48 99 6 72 34 60 83 15 53 79 40 95 9 68 23 57 91 33 45 86 19 70 51 12 65 18 74 43 97 28 54 89 8 62 30 76 47 81 72 80 45 4 5 6
2 100000
1000000 1000000
4545 4545
















