                                                                           1
                                                                        2 1 1 2
                                                                     3 2 1   1 2 3
                                                                  4 3 2 1     1 2 3 4
                                                               5 4 3 2 1       1 2 3 4 5
                                                            6 5 4 3 2 1         1 2 3 4 5 6
                                                         7 6 5 4 3 2 1           1 2 3 4 5 6 7
                                                      8 7 6 5 4 3 2 1             1 2 3 4 5 6 7 8
                                                   9 8 7 6 5 4 3 2 1               1 2 3 4 5 6 7 8 9
                                                10 9 8 7 6 5 4 3 2 1                 1 2 3 4 5 6 7 8 9 01
                                             11 10 9 8 7 6 5 4 3 2 1                   1 2 3 4 5 6 7 8 9 01 11
                                          12 11 10 9 8 7 6 5 4 3 2 1                     1 2 3 4 5 6 7 8 9 01 11 21
                                       13 12 11 10 9 8 7 6 5 4 3 2 1                       1 2 3 4 5 6 7 8 9 01 11 21 31
                                    14 13 12 11 10 9 8 7 6 5 4 3 2 1                         1 2 3 4 5 6 7 8 9 01 11 21 31 41
                                 15 14 13 12 11 10 9 8 7 6 5 4 3 2 1                           1 2 3 4 5 6 7 8 9 01 11 21 31 41 51
                              16 15 14 13 12 11 10 9 8 7 6 5 4 3 2 1                             1 2 3 4 5 6 7 8 9 01 11 21 31 41 51 61
                           17 16 15 14 13 12 11 10 9 8 7 6 5 4 3 2 1                               1 2 3 4 5 6 7 8 9 01 11 21 31 41 51 61 71
                        18 17 16 15 14 13 12 11 10 9 8 7 6 5 4 3 2 1                                 1 2 3 4 5 6 7 8 9 01 11 21 31 41 51 61 71 81
                     19 18 17 16 15 14 13 12 11 10 9 8 7 6 5 4 3 2 1                                   1 2 3 4 5 6 7 8 9 01 11 21 31 41 51 61 71 81 91
                  20 19 18 17 16 15 14 13 12 11 10 9 8 7 6 5 4 3 2 1                                     1 2 3 4 5 6 7 8 9 01 11 21 31 41 51 61 71 81 91 02
               21 20 19 18 17 16 15 14 13 12 11 10 9 8 7 6 5 4 3 2 1                                       1 2 3 4 5 6 7 8 9 01 11 21 31 41 51 61 71 81 91 02 12
            22 21 20 19 18 17 16 15 14 13 12 11 10 9 8 7 6 5 4 3 2 1                                         1 2 3 4 5 6 7 8 9 01 11 21 31 41 51 61 71 81 91 02 12 22
         23 22 21 20 19 18 17 16 15 14 13 12 11 10 9 8 7 6 5 4 3 2 1                                           1 2 3 4 5 6 7 8 9 01 11 21 31 41 51 61 71 81 91 02 12 22 32
      24 23 22 21 20 19 18 17 16 15 14 13 12 11 10 9 8 7 6 5 4 3 2 1                                             1 2 3 4 5 6 7 8 9 01 11 21 31 41 51 61 71 81 91 02 12 22 32 42
   25 24 23 22 21 20 19 18 17 16 15 14 13 12 11 10 9 8 7 6 5 4 3 2 1                                               1 2 3 4 5 6 7 8 9 01 11 21 31 41 51 61 71 81 91 02 12 22 32 42 52
26 25 24 23 22 21 20 19 18 17 16 15 14 13 12 11 10 9 8 7 6 5 4 3 2 1                                                 1 2 3 4 5 6 7 8 9 01 11 21 31 41 51 61 71 81 91 02 12 22 32 42 52 62
   25 24 23 22 21 20 19 18 17 16 15 14 13 12 11 10 9 8 7 6 5 4 3 2 1                                               1 2 3 4 5 6 7 8 9 01 11 21 31 41 51 61 71 81 91 02 12 22 32 42 52
      24 23 22 21 20 19 18 17 16 15 14 13 12 11 10 9 8 7 6 5 4 3 2 1                                             1 2 3 4 5 6 7 8 9 01 11 21 31 41 51 61 71 81 91 02 12 22 32 42
         23 22 21 20 19 18 17 16 15 14 13 12 11 10 9 8 7 6 5 4 3 2 1                                           1 2 3 4 5 6 7 8 9 01 11 21 31 41 51 61 71 81 91 02 12 22 32
            22 21 20 19 18 17 16 15 14 13 12 11 10 9 8 7 6 5 4 3 2 1                                         1 2 3 4 5 6 7 8 9 01 11 21 31 41 51 61 71 81 91 02 12 22
               21 20 19 18 17 16 15 14 13 12 11 10 9 8 7 6 5 4 3 2 1                                       1 2 3 4 5 6 7 8 9 01 11 21 31 41 51 61 71 81 91 02 12
                  20 19 18 17 16 15 14 13 12 11 10 9 8 7 6 5 4 3 2 1                                     1 2 3 4 5 6 7 8 9 01 11 21 31 41 51 61 71 81 91 02
                     19 18 17 16 15 14 13 12 11 10 9 8 7 6 5 4 3 2 1                                   1 2 3 4 5 6 7 8 9 01 11 21 31 41 51 61 71 81 91
                        18 17 16 15 14 13 12 11 10 9 8 7 6 5 4 3 2 1                                 1 2 3 4 5 6 7 8 9 01 11 21 31 41 51 61 71 81
                           17 16 15 14 13 12 11 10 9 8 7 6 5 4 3 2 1                               1 2 3 4 5 6 7 8 9 01 11 21 31 41 51 61 71
                              16 15 14 13 12 11 10 9 8 7 6 5 4 3 2 1                             1 2 3 4 5 6 7 8 9 01 11 21 31 41 51 61
                                 15 14 13 12 11 10 9 8 7 6 5 4 3 2 1                           1 2 3 4 5 6 7 8 9 01 11 21 31 41 51
                                    14 13 12 11 10 9 8 7 6 5 4 3 2 1                         1 2 3 4 5 6 7 8 9 01 11 21 31 41
                                       13 12 11 10 9 8 7 6 5 4 3 2 1                       1 2 3 4 5 6 7 8 9 01 11 21 31
                                          12 11 10 9 8 7 6 5 4 3 2 1                     1 2 3 4 5 6 7 8 9 01 11 21
                                             11 10 9 8 7 6 5 4 3 2 1                   1 2 3 4 5 6 7 8 9 01 11
                                                10 9 8 7 6 5 4 3 2 1                 1 2 3 4 5 6 7 8 9 01
                                                   9 8 7 6 5 4 3 2 1               1 2 3 4 5 6 7 8 9
                                                      8 7 6 5 4 3 2 1             1 2 3 4 5 6 7 8
                                                         7 6 5 4 3 2 1           1 2 3 4 5 6 7
                                                            6 5 4 3 2 1         1 2 3 4 5 6
                                                               5 4 3 2 1       1 2 3 4 5
                                                                  4 3 2 1     1 2 3 4
                                                                     3 2 1   1 2 3
                                                                        2 1 1 2
                                                                           1
**********
