10
6 100
5 3 8 2 4 2
70 45 75 25 50 30
5 80
1 1 2 2 3
30 35 40 45 50
5 5
100 100 100 100 100
1 2 3 4 5
25 2000
5 3 8 2 4 2 5 3 8 2 4 2 5 3 8 2 4 2 5 3 8 2 4 2 5
70 45 75 25 50 30 27 43 45 39 89 76 45 63 43 27 81 66 62 58 57 56 45 49 39 42
75 3000
5 3 8 2 4 2 5 3 8 2 4 2 5 3 8 2 4 2 5 3 8 2 4 2 5 5 3 8 2 4 2 5 3 8 2 4 2 5 3 8 2 4 2 5 3 8 2 4 2 5 5 3 8 2 4 2 5 3 8 2 4 2 5 3 8 2 4 2 5 3 8 2 4 2 5
70 45 75 25 50 30 27 43 45 39 89 76 45 63 43 27 81 66 62 58 57 56 45 49 39 42 70 45 75 25 50 30 27 43 45 39 89 76 45 63 43 27 81 66 62 58 57 56 45 49 39 42 70 45 75 25 50 30 27 43 45 39 89 76 45 63 43 27 81 66 62 58 57 56 45 49 39 42
75 9000
5 3 8 2 4 2 5 3 8 2 4 2 5 3 8 2 4 2 5 3 8 2 4 2 5 5 3 8 2 4 2 5 3 8 2 4 2 5 3 8 2 4 2 5 3 8 2 4 2 5 5 3 8 2 4 2 5 3 8 2 4 2 5 3 8 2 4 2 5 3 8 2 4 2 5
70 45 75 25 50 30 27 43 45 39 89 76 45 63 43 27 81 66 62 58 57 56 45 49 39 42 70 45 75 25 50 30 27 43 45 39 89 76 45 63 43 27 81 66 62 58 57 56 45 49 39 42 70 45 75 25 50 30 27 43 45 39 89 76 45 63 43 27 81 66 62 58 57 56 45 49 39 42
75 900
5 3 8 2 4 2 5 3 8 2 4 2 5 3 8 2 4 2 5 3 8 2 4 2 5 5 3 8 2 4 2 5 3 8 2 4 2 5 3 8 2 4 2 5 3 8 2 4 2 5 5 3 8 2 4 2 5 3 8 2 4 2 5 3 8 2 4 2 5 3 8 2 4 2 5
70 45 75 25 50 30 27 43 45 39 89 76 45 63 43 27 81 66 62 58 57 56 45 49 39 42 70 45 75 25 50 30 27 43 45 39 89 76 45 63 43 27 81 66 62 58 57 56 45 49 39 42 70 45 75 25 50 30 27 43 45 39 89 76 45 63 43 27 81 66 62 58 57 56 45 49 39 42
75 1500
5 3 8 2 4 2 5 3 8 2 4 2 5 3 8 2 4 2 5 3 8 2 4 2 5 5 3 8 2 4 2 5 3 8 2 4 2 5 3 8 2 4 2 5 3 8 2 4 2 5 5 3 8 2 4 2 5 3 8 2 4 2 5 3 8 2 4 2 5 3 8 2 4 2 5
70 45 75 25 50 30 27 43 45 39 89 76 45 63 43 27 81 66 62 58 57 56 45 49 39 42 70 45 75 25 50 30 27 43 45 39 89 76 45 63 43 27 81 66 62 58 57 56 45 49 39 42 70 45 75 25 50 30 27 43 45 39 89 76 45 63 43 27 81 66 62 58 57 56 45 49 39 42
75 2000
5 3 8 2 4 2 5 3 8 2 4 2 5 3 8 2 4 2 5 3 8 2 4 2 5 5 3 8 2 4 2 5 3 8 2 4 2 5 3 8 2 4 2 5 3 8 2 4 2 5 5 3 8 2 4 2 5 3 8 2 4 2 5 3 8 2 4 2 5 3 8 2 4 2 5
70 45 75 25 50 30 27 43 45 39 89 76 45 63 43 27 81 66 62 58 57 56 45 49 39 42 70 45 75 25 50 30 27 43 45 39 89 76 45 63 43 27 81 66 62 58 57 56 45 49 39 42 70 45 75 25 50 30 27 43 45 39 89 76 45 63 43 27 81 66 62 58 57 56 45 49 39 42
1 1
10
1
