12
5 75
23 24 25 34 56
7 51
25 25 19 18 45 7 17
25 1000
100 200 212 354 342 212 332 238 103 54 3 2 5 12 13 20 65 17 145 173 198 500 276 456 403
25 1100
100 200 212 354 342 212 332 238 103 54 3 2 5 12 13 20 65 17 145 173 198 500 276 456 403
75 30000
100 200 212 354 342 212 332 238 103 54 3 2 5 12 13 20 65 17 145 173 198 500 276 456 403 100 200 212 354 342 212 332 238 103 54 3 2 5 12 13 20 65 17 145 173 198 500 276 456 403 100 200 212 354 342 212 332 238 103 54 3 2 5 12 13 20 65 17 145 173 198 500 276 456 403
25 3321
100 200 212 354 342 212 332 238 103 54 3 2 5 12 13 20 65 17 145 173 198 500 276 456 403
25 4467
100 200 212 354 342 212 332 238 103 54 3 2 5 12 13 20 65 17 145 173 198 500 276 456 403
25 4400
100 200 212 354 342 212 332 238 103 54 3 2 5 12 13 20 65 17 145 173 198 500 276 456 403
25 33
100 200 212 354 342 212 332 238 103 54 3 2 5 12 13 20 65 17 145 173 198 500 276 456 403
4 19
17 3 10 8
4 20
17 3 10 8
1 32
32
